Datetime,Open,High,Low,Close,Adj Close,Volume
2023-03-16 09:30:00-04:00,2405.260009765625,2405.260009765625,2405.260009765625,2405.260009765625,2405.260009765625,0
2023-03-16 09:31:00-04:00,2397.110107421875,2397.110107421875,2397.110107421875,2397.110107421875,2397.110107421875,436
2023-03-16 09:40:00-04:00,2406.2451171875,2406.2451171875,2406.2451171875,2406.2451171875,2406.2451171875,689
2023-03-16 09:42:00-04:00,2410.5400390625,2410.5400390625,2410.5400390625,2410.5400390625,2410.5400390625,219
2023-03-16 09:43:00-04:00,2410.35009765625,2412.72998046875,2410.35009765625,2412.72998046875,2412.72998046875,1178
2023-03-16 09:53:00-04:00,2413.0849609375,2414.909912109375,2413.02490234375,2413.02490234375,2413.02490234375,654
2023-03-16 09:56:00-04:00,2415.175048828125,2415.215087890625,2415.175048828125,2415.215087890625,2415.215087890625,358
2023-03-16 09:57:00-04:00,2418.159912109375,2418.159912109375,2418.159912109375,2418.159912109375,2418.159912109375,375
2023-03-16 10:00:00-04:00,2423.264892578125,2423.264892578125,2416.360107421875,2423.0400390625,2423.0400390625,615
2023-03-16 10:01:00-04:00,2427.27001953125,2427.27001953125,2427.27001953125,2427.27001953125,2427.27001953125,218
2023-03-16 10:02:00-04:00,2426.699951171875,2426.699951171875,2426.699951171875,2426.699951171875,2426.699951171875,106
2023-03-16 10:03:00-04:00,2427.5,2427.5,2427.5,2427.5,2427.5,467
2023-03-16 10:04:00-04:00,2425.0,2425.0,2424.010009765625,2424.010009765625,2424.010009765625,309
2023-03-16 10:09:00-04:00,2427.159912109375,2427.159912109375,2427.159912109375,2427.159912109375,2427.159912109375,2672
2023-03-16 10:25:00-04:00,2420.826904296875,2420.826904296875,2420.826904296875,2420.826904296875,2420.826904296875,3260
2023-03-16 10:53:00-04:00,2413.030029296875,2413.030029296875,2411.14990234375,2411.14990234375,2411.14990234375,2149
2023-03-16 11:02:00-04:00,2398.6201171875,2398.6201171875,2398.6201171875,2398.6201171875,2398.6201171875,865
2023-03-16 11:04:00-04:00,2401.679931640625,2401.679931640625,2401.679931640625,2401.679931640625,2401.679931640625,992
2023-03-16 11:07:00-04:00,2408.235107421875,2408.235107421875,2408.235107421875,2408.235107421875,2408.235107421875,646
2023-03-16 11:11:00-04:00,2410.044921875,2410.044921875,2410.044921875,2410.044921875,2410.044921875,155
2023-03-16 11:12:00-04:00,2409.510009765625,2409.510009765625,2409.510009765625,2409.510009765625,2409.510009765625,902
2023-03-16 11:19:00-04:00,2407.659912109375,2407.659912109375,2407.655029296875,2407.655029296875,2407.655029296875,620
2023-03-16 11:20:00-04:00,2407.320068359375,2407.320068359375,2407.320068359375,2407.320068359375,2407.320068359375,349
2023-03-16 11:24:00-04:00,2404.276611328125,2408.0,2404.276611328125,2406.280029296875,2406.280029296875,2792
2023-03-16 11:28:00-04:00,2413.358642578125,2413.358642578125,2413.358642578125,2413.358642578125,2413.358642578125,810
2023-03-16 11:29:00-04:00,2407.919921875,2407.919921875,2407.919921875,2407.919921875,2407.919921875,1049
2023-03-16 11:36:00-04:00,2412.860107421875,2413.080078125,2412.860107421875,2413.080078125,2413.080078125,932
2023-03-16 11:37:00-04:00,2416.5,2416.5,2415.469970703125,2415.469970703125,2415.469970703125,2083
2023-03-16 11:46:00-04:00,2413.3701171875,2413.3701171875,2413.3701171875,2413.3701171875,2413.3701171875,196
2023-03-16 11:48:00-04:00,2417.47509765625,2417.47509765625,2417.47509765625,2417.47509765625,2417.47509765625,567
2023-03-16 11:51:00-04:00,2416.469970703125,2416.97998046875,2416.469970703125,2416.97998046875,2416.97998046875,420
2023-03-16 11:53:00-04:00,2415.260009765625,2417.800048828125,2415.260009765625,2417.800048828125,2417.800048828125,1442
2023-03-16 12:04:00-04:00,2415.489990234375,2415.489990234375,2415.489990234375,2415.489990234375,2415.489990234375,403
2023-03-16 12:08:00-04:00,2414.18994140625,2414.18994140625,2414.18994140625,2414.18994140625,2414.18994140625,2476
2023-03-16 12:24:00-04:00,2413.929931640625,2413.929931640625,2413.844970703125,2413.844970703125,2413.844970703125,1113
2023-03-16 12:35:00-04:00,2410.800048828125,2410.800048828125,2410.800048828125,2410.800048828125,2410.800048828125,1269
2023-03-16 12:41:00-04:00,2411.889892578125,2411.889892578125,2411.889892578125,2411.889892578125,2411.889892578125,528
2023-03-16 12:42:00-04:00,2412.449951171875,2412.449951171875,2412.449951171875,2412.449951171875,2412.449951171875,470
2023-03-16 12:47:00-04:00,2410.469970703125,2410.469970703125,2410.469970703125,2410.469970703125,2410.469970703125,1347
2023-03-16 12:51:00-04:00,2412.080078125,2412.080078125,2412.080078125,2412.080078125,2412.080078125,485
2023-03-16 12:55:00-04:00,2412.75,2412.75,2412.75,2412.75,2412.75,209
2023-03-16 12:57:00-04:00,2414.675048828125,2414.675048828125,2414.675048828125,2414.675048828125,2414.675048828125,721
2023-03-16 13:04:00-04:00,2413.5,2414.06005859375,2413.5,2414.06005859375,2414.06005859375,846
2023-03-16 13:05:00-04:00,2415.64990234375,2415.64990234375,2415.64990234375,2415.64990234375,2415.64990234375,1050
2023-03-16 13:15:00-04:00,2410.489990234375,2410.489990234375,2405.574951171875,2405.574951171875,2405.574951171875,886
2023-03-16 13:21:00-04:00,2406.47998046875,2406.47998046875,2401.989990234375,2401.989990234375,2401.989990234375,778
2023-03-16 13:22:00-04:00,2405.259033203125,2405.259033203125,2405.259033203125,2405.259033203125,2405.259033203125,2820
2023-03-16 13:53:00-04:00,2401.824951171875,2402.07177734375,2401.824951171875,2402.07177734375,2402.07177734375,407
2023-03-16 13:55:00-04:00,2403.7548828125,2403.7548828125,2403.7548828125,2403.7548828125,2403.7548828125,1968
2023-03-16 14:10:00-04:00,2403.9599609375,2403.9599609375,2403.9599609375,2403.9599609375,2403.9599609375,109
2023-03-16 14:11:00-04:00,2404.389892578125,2404.389892578125,2404.389892578125,2404.389892578125,2404.389892578125,434
2023-03-16 14:16:00-04:00,2401.340087890625,2401.340087890625,2401.340087890625,2401.340087890625,2401.340087890625,825
2023-03-16 14:17:00-04:00,2399.590087890625,2399.590087890625,2399.590087890625,2399.590087890625,2399.590087890625,2622
2023-03-16 14:31:00-04:00,2401.050048828125,2401.050048828125,2401.050048828125,2401.050048828125,2401.050048828125,700
2023-03-16 14:34:00-04:00,2399.0,2399.0,2398.840087890625,2399.0,2399.0,1839
2023-03-16 14:35:00-04:00,2394.030029296875,2394.030029296875,2394.030029296875,2394.030029296875,2394.030029296875,927
2023-03-16 14:36:00-04:00,2396.43994140625,2396.43994140625,2396.43994140625,2396.43994140625,2396.43994140625,2204
2023-03-16 14:48:00-04:00,2401.969970703125,2401.969970703125,2401.969970703125,2401.969970703125,2401.969970703125,3414
2023-03-16 15:14:00-04:00,2404.300048828125,2404.300048828125,2404.300048828125,2404.300048828125,2404.300048828125,1168
2023-03-16 15:20:00-04:00,2402.659912109375,2402.659912109375,2402.659912109375,2402.659912109375,2402.659912109375,1304
2023-03-16 15:24:00-04:00,2404.919921875,2404.919921875,2404.919921875,2404.919921875,2404.919921875,1388
2023-03-16 15:25:00-04:00,2407.77001953125,2408.413818359375,2407.199951171875,2407.199951171875,2407.199951171875,1364
2023-03-16 15:26:00-04:00,2407.64990234375,2407.64990234375,2407.64990234375,2407.64990234375,2407.64990234375,566
2023-03-16 15:27:00-04:00,2407.889892578125,2407.889892578125,2407.300048828125,2407.5,2407.5,763
2023-03-16 15:28:00-04:00,2409.10009765625,2409.10009765625,2409.10009765625,2409.10009765625,2409.10009765625,750
2023-03-16 15:31:00-04:00,2408.25,2408.31005859375,2408.25,2408.31005859375,2408.31005859375,1192
2023-03-16 15:32:00-04:00,2409.89990234375,2409.89990234375,2409.360107421875,2409.360107421875,2409.360107421875,1870
2023-03-16 15:40:00-04:00,2410.034912109375,2410.034912109375,2410.034912109375,2410.034912109375,2410.034912109375,1631
2023-03-16 15:46:00-04:00,2412.469970703125,2412.469970703125,2412.469970703125,2412.469970703125,2412.469970703125,1083
2023-03-16 15:47:00-04:00,2412.152587890625,2412.152587890625,2410.449951171875,2410.449951171875,2410.449951171875,1228
2023-03-16 15:48:00-04:00,2410.7900390625,2410.7900390625,2410.7900390625,2410.7900390625,2410.7900390625,102
2023-03-16 15:50:00-04:00,2411.60009765625,2411.60009765625,2411.60009765625,2411.60009765625,2411.60009765625,1095
2023-03-16 15:51:00-04:00,2410.889892578125,2410.889892578125,2410.889892578125,2410.889892578125,2410.889892578125,415
2023-03-16 15:52:00-04:00,2411.080078125,2411.080078125,2411.080078125,2411.080078125,2411.080078125,1145
2023-03-16 15:54:00-04:00,2410.889892578125,2410.889892578125,2410.889892578125,2410.889892578125,2410.889892578125,1556
2023-03-16 15:55:00-04:00,2410.139892578125,2410.139892578125,2409.080078125,2409.080078125,2409.080078125,3545
2023-03-16 15:56:00-04:00,2409.52490234375,2412.0400390625,2409.52490234375,2412.0400390625,2412.0400390625,3072
2023-03-16 15:57:00-04:00,2413.81005859375,2413.81005859375,2412.919921875,2412.919921875,2412.919921875,1869
2023-03-16 15:58:00-04:00,2414.010009765625,2414.010009765625,2414.010009765625,2414.010009765625,2414.010009765625,965
2023-03-16 15:59:00-04:00,2413.27001953125,2413.64990234375,2413.27001953125,2413.64990234375,2413.64990234375,3754
2023-03-17 09:30:00-04:00,2411.360107421875,2411.360107421875,2411.360107421875,2411.360107421875,2411.360107421875,16154
2023-03-17 09:31:00-04:00,2399.179931640625,2405.14990234375,2399.179931640625,2405.14990234375,2405.14990234375,400
2023-03-17 09:34:00-04:00,2396.929931640625,2396.929931640625,2396.929931640625,2396.929931640625,2396.929931640625,1768
2023-03-17 09:45:00-04:00,2393.550048828125,2393.550048828125,2393.550048828125,2393.550048828125,2393.550048828125,991
2023-03-17 09:47:00-04:00,2390.1201171875,2390.1201171875,2389.4599609375,2389.4599609375,2389.4599609375,1442
2023-03-17 09:53:00-04:00,2385.010009765625,2385.010009765625,2385.0,2385.0,2385.0,2680
2023-03-17 10:06:00-04:00,2390.969970703125,2391.60009765625,2389.155029296875,2389.155029296875,2389.155029296875,825
2023-03-17 10:07:00-04:00,2388.18994140625,2388.18994140625,2385.909912109375,2385.909912109375,2385.909912109375,2357
2023-03-17 10:14:00-04:00,2383.1201171875,2383.1201171875,2383.1201171875,2383.1201171875,2383.1201171875,1356
2023-03-17 10:19:00-04:00,2387.22998046875,2387.22998046875,2387.179931640625,2387.179931640625,2387.179931640625,1261
2023-03-17 10:20:00-04:00,2388.93994140625,2388.949951171875,2388.93994140625,2388.949951171875,2388.949951171875,723
2023-03-17 10:23:00-04:00,2387.8701171875,2387.8701171875,2387.8701171875,2387.8701171875,2387.8701171875,561
2023-03-17 10:24:00-04:00,2384.719970703125,2384.719970703125,2383.81005859375,2383.81005859375,2383.81005859375,875
2023-03-17 10:26:00-04:00,2381.760009765625,2381.760009765625,2381.760009765625,2381.760009765625,2381.760009765625,513
2023-03-17 10:27:00-04:00,2379.6201171875,2379.6201171875,2379.6201171875,2379.6201171875,2379.6201171875,1169
2023-03-17 10:28:00-04:00,2380.360107421875,2381.639892578125,2380.360107421875,2381.639892578125,2381.639892578125,380
2023-03-17 10:32:00-04:00,2376.860107421875,2376.860107421875,2376.860107421875,2376.860107421875,2376.860107421875,1522
2023-03-17 10:36:00-04:00,2375.72509765625,2375.72509765625,2374.5,2374.5,2374.5,296
2023-03-17 10:37:00-04:00,2376.7900390625,2376.7900390625,2376.7900390625,2376.7900390625,2376.7900390625,305
2023-03-17 10:39:00-04:00,2378.580078125,2378.580078125,2375.949951171875,2376.18994140625,2376.18994140625,2250
2023-03-17 10:40:00-04:00,2375.919921875,2379.969970703125,2375.919921875,2379.969970703125,2379.969970703125,2068
2023-03-17 10:42:00-04:00,2373.808837890625,2373.808837890625,2373.808837890625,2373.808837890625,2373.808837890625,181
2023-03-17 10:43:00-04:00,2381.2900390625,2381.2900390625,2380.320068359375,2380.320068359375,2380.320068359375,1007
2023-03-17 10:48:00-04:00,2381.469970703125,2381.469970703125,2381.469970703125,2381.469970703125,2381.469970703125,987
2023-03-17 10:51:00-04:00,2381.14990234375,2381.14990234375,2381.14990234375,2381.14990234375,2381.14990234375,124
2023-03-17 10:53:00-04:00,2381.300048828125,2382.64990234375,2381.300048828125,2382.64990234375,2382.64990234375,779
2023-03-17 10:55:00-04:00,2386.940673828125,2386.940673828125,2386.940673828125,2386.940673828125,2386.940673828125,271
2023-03-17 10:59:00-04:00,2384.0,2384.0,2384.0,2384.0,2384.0,332
2023-03-17 11:00:00-04:00,2384.0,2384.93994140625,2383.22998046875,2384.93994140625,2384.93994140625,1703
2023-03-17 11:08:00-04:00,2387.06005859375,2390.0,2387.06005859375,2390.0,2390.0,872
2023-03-17 11:09:00-04:00,2391.1201171875,2391.1201171875,2391.1201171875,2391.1201171875,2391.1201171875,251
2023-03-17 11:13:00-04:00,2393.39990234375,2393.39990234375,2393.39990234375,2393.39990234375,2393.39990234375,376
2023-03-17 11:15:00-04:00,2391.070068359375,2391.070068359375,2391.070068359375,2391.070068359375,2391.070068359375,486
2023-03-17 11:17:00-04:00,2391.10009765625,2391.10009765625,2391.10009765625,2391.10009765625,2391.10009765625,141
2023-03-17 11:19:00-04:00,2393.1201171875,2393.1201171875,2393.1201171875,2393.1201171875,2393.1201171875,370
2023-03-17 11:22:00-04:00,2391.070068359375,2391.070068359375,2391.070068359375,2391.070068359375,2391.070068359375,211
2023-03-17 11:23:00-04:00,2391.070068359375,2391.070068359375,2391.070068359375,2391.070068359375,2391.070068359375,232
2023-03-17 11:25:00-04:00,2390.955078125,2390.955078125,2390.955078125,2390.955078125,2390.955078125,232
2023-03-17 11:27:00-04:00,2390.965087890625,2391.449951171875,2390.965087890625,2391.449951171875,2391.449951171875,354
2023-03-17 11:28:00-04:00,2390.60498046875,2390.60498046875,2390.60498046875,2390.60498046875,2390.60498046875,157
2023-03-17 11:29:00-04:00,2391.449951171875,2391.449951171875,2391.449951171875,2391.449951171875,2391.449951171875,236
2023-03-17 11:30:00-04:00,2390.4951171875,2390.4951171875,2387.02001953125,2387.02001953125,2387.02001953125,1915
2023-03-17 11:38:00-04:00,2386.0,2386.0,2386.0,2386.0,2386.0,605
2023-03-17 11:41:00-04:00,2386.0,2386.0,2386.0,2386.0,2386.0,265
2023-03-17 11:43:00-04:00,2386.0,2386.0,2385.970458984375,2385.970458984375,2385.970458984375,825
2023-03-17 11:45:00-04:00,2386.0,2386.239990234375,2385.6201171875,2385.6201171875,2385.6201171875,1520
2023-03-17 11:54:00-04:00,2383.820068359375,2383.820068359375,2383.820068359375,2383.820068359375,2383.820068359375,1014
2023-03-17 11:56:00-04:00,2383.68994140625,2383.820068359375,2381.25,2383.64990234375,2383.64990234375,1773
2023-03-17 11:58:00-04:00,2378.219970703125,2378.219970703125,2376.8798828125,2376.8798828125,2376.8798828125,1883
2023-03-17 12:01:00-04:00,2380.760009765625,2380.760009765625,2379.635009765625,2379.635009765625,2379.635009765625,394
2023-03-17 12:06:00-04:00,2380.0,2380.0,2380.0,2380.0,2380.0,1115
2023-03-17 12:07:00-04:00,2379.694091796875,2379.694091796875,2379.694091796875,2379.694091796875,2379.694091796875,165
2023-03-17 12:08:00-04:00,2381.75,2381.75,2381.75,2381.75,2381.75,1633
2023-03-17 12:20:00-04:00,2381.77001953125,2381.77001953125,2381.1298828125,2381.1298828125,2381.1298828125,975
2023-03-17 12:22:00-04:00,2383.010009765625,2383.39990234375,2383.0,2383.39990234375,2383.39990234375,1846
2023-03-17 12:24:00-04:00,2384.6201171875,2384.6201171875,2384.6201171875,2384.6201171875,2384.6201171875,270
2023-03-17 12:25:00-04:00,2385.7099609375,2385.7099609375,2385.7099609375,2385.7099609375,2385.7099609375,703
2023-03-17 12:26:00-04:00,2384.340087890625,2384.340087890625,2384.340087890625,2384.340087890625,2384.340087890625,249
2023-03-17 12:28:00-04:00,2385.889892578125,2386.0,2384.550048828125,2384.550048828125,2384.550048828125,440
2023-03-17 12:31:00-04:00,2388.27001953125,2388.27001953125,2388.27001953125,2388.27001953125,2388.27001953125,559
2023-03-17 12:34:00-04:00,2385.929931640625,2385.929931640625,2385.929931640625,2385.929931640625,2385.929931640625,539
2023-03-17 12:42:00-04:00,2384.219970703125,2384.219970703125,2384.219970703125,2384.219970703125,2384.219970703125,437
2023-03-17 12:44:00-04:00,2388.6201171875,2388.6201171875,2387.482421875,2387.482421875,2387.482421875,575
2023-03-17 12:49:00-04:00,2389.52001953125,2389.52001953125,2389.52001953125,2389.52001953125,2389.52001953125,479
2023-03-17 12:55:00-04:00,2388.0400390625,2389.610107421875,2386.8701171875,2386.8701171875,2386.8701171875,1217
2023-03-17 12:56:00-04:00,2385.4599609375,2385.4599609375,2383.857421875,2383.857421875,2383.857421875,571
2023-03-17 12:58:00-04:00,2385.550048828125,2387.570068359375,2385.550048828125,2387.570068359375,2387.570068359375,1052
2023-03-17 13:09:00-04:00,2383.219970703125,2383.219970703125,2383.219970703125,2383.219970703125,2383.219970703125,1503
2023-03-17 13:24:00-04:00,2383.695068359375,2383.695068359375,2383.695068359375,2383.695068359375,2383.695068359375,1989
2023-03-17 13:46:00-04:00,2371.31005859375,2371.93994140625,2371.31005859375,2371.93994140625,2371.93994140625,1018
2023-03-17 13:48:00-04:00,2373.760009765625,2374.77001953125,2373.760009765625,2374.77001953125,2374.77001953125,1984
2023-03-17 13:55:00-04:00,2372.840087890625,2374.139892578125,2372.840087890625,2374.139892578125,2374.139892578125,995
2023-03-17 14:00:00-04:00,2370.5,2370.5,2370.5,2370.5,2370.5,1145
2023-03-17 14:11:00-04:00,2366.389892578125,2366.389892578125,2366.389892578125,2366.389892578125,2366.389892578125,583
2023-03-17 14:15:00-04:00,2363.2099609375,2363.2099609375,2363.18994140625,2363.18994140625,2363.18994140625,440
2023-03-17 14:16:00-04:00,2364.1201171875,2364.1201171875,2364.1201171875,2364.1201171875,2364.1201171875,858
2023-03-17 14:17:00-04:00,2368.22509765625,2368.22509765625,2367.820068359375,2367.820068359375,2367.820068359375,569
2023-03-17 14:21:00-04:00,2365.510009765625,2365.510009765625,2365.510009765625,2365.510009765625,2365.510009765625,370
2023-03-17 14:22:00-04:00,2368.360107421875,2368.360107421875,2368.360107421875,2368.360107421875,2368.360107421875,547
2023-03-17 14:25:00-04:00,2364.639892578125,2364.639892578125,2364.639892578125,2364.639892578125,2364.639892578125,1091
2023-03-17 14:36:00-04:00,2363.419921875,2363.64990234375,2363.419921875,2363.64990234375,2363.64990234375,1345
2023-03-17 14:41:00-04:00,2362.679931640625,2362.679931640625,2361.659912109375,2361.659912109375,2361.659912109375,621
2023-03-17 14:43:00-04:00,2363.969970703125,2364.2099609375,2363.969970703125,2364.2099609375,2364.2099609375,2093
2023-03-17 14:51:00-04:00,2366.0,2366.0,2365.93994140625,2365.93994140625,2365.93994140625,1254
2023-03-17 14:55:00-04:00,2369.0400390625,2370.010009765625,2369.0400390625,2370.010009765625,2370.010009765625,1514
2023-03-17 15:02:00-04:00,2360.030029296875,2361.739990234375,2360.030029296875,2361.739990234375,2361.739990234375,1215
2023-03-17 15:09:00-04:00,2360.110107421875,2360.110107421875,2360.110107421875,2360.110107421875,2360.110107421875,797
2023-03-17 15:17:00-04:00,2361.7900390625,2362.5,2361.7900390625,2362.5,2362.5,2693
2023-03-17 15:28:00-04:00,2364.219970703125,2364.219970703125,2364.219970703125,2364.219970703125,2364.219970703125,742
2023-03-17 15:30:00-04:00,2366.659912109375,2366.659912109375,2366.344970703125,2366.344970703125,2366.344970703125,488
2023-03-17 15:31:00-04:00,2363.489990234375,2363.489990234375,2363.489990234375,2363.489990234375,2363.489990234375,626
2023-03-17 15:32:00-04:00,2361.840087890625,2362.02001953125,2361.219970703125,2361.985107421875,2361.985107421875,1702
2023-03-17 15:37:00-04:00,2361.330078125,2361.330078125,2361.330078125,2361.330078125,2361.330078125,952
2023-03-17 15:38:00-04:00,2362.800048828125,2363.010009765625,2362.800048828125,2363.010009765625,2363.010009765625,760
2023-03-17 15:40:00-04:00,2362.5400390625,2362.5400390625,2362.5400390625,2362.5400390625,2362.5400390625,771
2023-03-17 15:44:00-04:00,2361.97998046875,2361.97998046875,2361.97998046875,2361.97998046875,2361.97998046875,293
2023-03-17 15:47:00-04:00,2360.02001953125,2360.02001953125,2360.02001953125,2360.02001953125,2360.02001953125,1109
2023-03-17 15:50:00-04:00,2366.909912109375,2367.909912109375,2361.659912109375,2367.909912109375,2367.909912109375,1592
2023-03-17 15:51:00-04:00,2363.530029296875,2363.530029296875,2363.530029296875,2363.530029296875,2363.530029296875,462
2023-03-17 15:52:00-04:00,2365.3701171875,2366.56005859375,2365.3701171875,2366.56005859375,2366.56005859375,947
2023-03-17 15:53:00-04:00,2364.820068359375,2364.820068359375,2364.820068359375,2364.820068359375,2364.820068359375,1222
2023-03-17 15:54:00-04:00,2364.22998046875,2364.89501953125,2364.22998046875,2364.89501953125,2364.89501953125,959
2023-03-17 15:55:00-04:00,2366.820068359375,2367.550048828125,2366.820068359375,2367.550048828125,2367.550048828125,1878
2023-03-17 15:56:00-04:00,2367.0,2367.0,2366.199951171875,2366.199951171875,2366.199951171875,1253
2023-03-17 15:57:00-04:00,2364.419921875,2364.419921875,2363.5,2363.97998046875,2363.97998046875,903
2023-03-17 15:58:00-04:00,2364.909912109375,2366.330078125,2364.47509765625,2366.330078125,2366.330078125,2587
2023-03-17 15:59:00-04:00,2365.22998046875,2367.3798828125,2365.22998046875,2366.929931640625,2366.929931640625,5018
2023-03-20 09:30:00-04:00,2372.31005859375,2372.31005859375,2372.31005859375,2372.31005859375,2372.31005859375,1193
2023-03-20 09:35:00-04:00,2382.580078125,2382.580078125,2382.580078125,2382.580078125,2382.580078125,712
2023-03-20 09:36:00-04:00,2382.580078125,2382.580078125,2382.580078125,2382.580078125,2382.580078125,1058
2023-03-20 09:38:00-04:00,2382.590087890625,2382.590087890625,2382.590087890625,2382.590087890625,2382.590087890625,2320
2023-03-20 09:43:00-04:00,2378.02001953125,2378.02001953125,2378.02001953125,2378.02001953125,2378.02001953125,2191
2023-03-20 09:52:00-04:00,2388.800048828125,2394.8349609375,2388.800048828125,2394.8349609375,2394.8349609375,1155
2023-03-20 09:58:00-04:00,2394.179931640625,2394.179931640625,2394.179931640625,2394.179931640625,2394.179931640625,723
2023-03-20 10:01:00-04:00,2391.06005859375,2391.06005859375,2391.06005859375,2391.06005859375,2391.06005859375,434
2023-03-20 10:03:00-04:00,2393.3701171875,2393.3701171875,2393.3701171875,2393.3701171875,2393.3701171875,2167
2023-03-20 10:18:00-04:00,2383.050048828125,2383.050048828125,2383.050048828125,2383.050048828125,2383.050048828125,999
2023-03-20 10:26:00-04:00,2389.830078125,2390.0,2389.830078125,2390.0,2390.0,545
2023-03-20 10:27:00-04:00,2386.169921875,2386.169921875,2386.169921875,2386.169921875,2386.169921875,380
2023-03-20 10:30:00-04:00,2386.989990234375,2386.989990234375,2386.419921875,2386.419921875,2386.419921875,298
2023-03-20 10:33:00-04:00,2389.169921875,2389.169921875,2389.169921875,2389.169921875,2389.169921875,514
2023-03-20 10:39:00-04:00,2383.570068359375,2383.570068359375,2383.570068359375,2383.570068359375,2383.570068359375,457
2023-03-20 10:42:00-04:00,2388.9599609375,2388.9599609375,2388.9599609375,2388.9599609375,2388.9599609375,239
2023-03-20 10:44:00-04:00,2386.9599609375,2386.9599609375,2386.9599609375,2386.9599609375,2386.9599609375,1251
2023-03-20 10:54:00-04:00,2384.31005859375,2384.31005859375,2384.31005859375,2384.31005859375,2384.31005859375,792
2023-03-20 10:55:00-04:00,2382.179931640625,2382.179931640625,2382.179931640625,2382.179931640625,2382.179931640625,508
2023-03-20 11:00:00-04:00,2382.75,2385.1298828125,2382.75,2385.1298828125,2385.1298828125,564
2023-03-20 11:01:00-04:00,2383.35009765625,2383.35009765625,2383.35009765625,2383.35009765625,2383.35009765625,628
2023-03-20 11:03:00-04:00,2387.610107421875,2387.610107421875,2387.610107421875,2387.610107421875,2387.610107421875,242
2023-03-20 11:04:00-04:00,2387.590087890625,2387.590087890625,2387.590087890625,2387.590087890625,2387.590087890625,696
2023-03-20 11:05:00-04:00,2388.1298828125,2388.1298828125,2387.820068359375,2387.820068359375,2387.820068359375,1014
2023-03-20 11:14:00-04:00,2384.235107421875,2384.235107421875,2381.81005859375,2381.81005859375,2381.81005859375,664
2023-03-20 11:19:00-04:00,2376.639892578125,2376.639892578125,2376.639892578125,2376.639892578125,2376.639892578125,548
2023-03-20 11:21:00-04:00,2378.047607421875,2378.047607421875,2378.047607421875,2378.047607421875,2378.047607421875,416
2023-03-20 11:24:00-04:00,2374.60009765625,2374.60009765625,2374.60009765625,2374.60009765625,2374.60009765625,256
2023-03-20 11:27:00-04:00,2376.090087890625,2376.090087890625,2376.090087890625,2376.090087890625,2376.090087890625,430
2023-03-20 11:29:00-04:00,2377.47998046875,2377.47998046875,2375.6201171875,2375.6201171875,2375.6201171875,1311
2023-03-20 11:36:00-04:00,2370.4599609375,2370.4599609375,2370.4599609375,2370.4599609375,2370.4599609375,156
2023-03-20 11:37:00-04:00,2365.125,2365.125,2365.125,2365.125,2365.125,1706
2023-03-20 11:39:00-04:00,2374.409912109375,2379.570068359375,2374.215087890625,2379.570068359375,2379.570068359375,1340
2023-03-20 11:49:00-04:00,2377.97998046875,2377.9990234375,2377.97998046875,2377.9990234375,2377.9990234375,263
2023-03-20 11:50:00-04:00,2378.6201171875,2385.0,2378.6201171875,2385.0,2385.0,1631
2023-03-20 11:51:00-04:00,2385.794921875,2385.794921875,2383.06005859375,2384.909912109375,2384.909912109375,2797
2023-03-20 11:52:00-04:00,2384.3798828125,2388.385009765625,2384.3798828125,2387.8525390625,2387.8525390625,1422
2023-03-20 11:53:00-04:00,2386.0,2386.0,2386.0,2386.0,2386.0,436
2023-03-20 11:54:00-04:00,2382.889892578125,2385.81005859375,2382.889892578125,2385.81005859375,2385.81005859375,412
2023-03-20 11:55:00-04:00,2383.824951171875,2383.824951171875,2383.824951171875,2383.824951171875,2383.824951171875,663
2023-03-20 11:57:00-04:00,2385.780029296875,2385.780029296875,2385.780029296875,2385.780029296875,2385.780029296875,163
2023-03-20 11:58:00-04:00,2384.050048828125,2384.050048828125,2384.050048828125,2384.050048828125,2384.050048828125,869
2023-03-20 12:03:00-04:00,2384.60498046875,2384.60498046875,2384.60498046875,2384.60498046875,2384.60498046875,106
2023-03-20 12:04:00-04:00,2383.929931640625,2383.929931640625,2379.2900390625,2379.2900390625,2379.2900390625,298
2023-03-20 12:06:00-04:00,2381.159912109375,2381.159912109375,2381.159912109375,2381.159912109375,2381.159912109375,286
2023-03-20 12:07:00-04:00,2382.760009765625,2383.0400390625,2382.760009765625,2383.0400390625,2383.0400390625,570
2023-03-20 12:09:00-04:00,2382.5,2382.5,2382.5,2382.5,2382.5,125
2023-03-20 12:12:00-04:00,2375.45751953125,2375.45751953125,2375.45751953125,2375.45751953125,2375.45751953125,299
2023-03-20 12:13:00-04:00,2380.0,2380.0,2380.0,2380.0,2380.0,312
2023-03-20 12:22:00-04:00,2375.929931640625,2375.929931640625,2375.929931640625,2375.929931640625,2375.929931640625,1161
2023-03-20 12:25:00-04:00,2379.780029296875,2379.780029296875,2379.780029296875,2379.780029296875,2379.780029296875,377
2023-03-20 12:35:00-04:00,2375.257568359375,2375.257568359375,2375.257568359375,2375.257568359375,2375.257568359375,204
2023-03-20 12:36:00-04:00,2379.389892578125,2379.389892578125,2379.360107421875,2379.360107421875,2379.360107421875,592
2023-03-20 12:44:00-04:00,2381.89990234375,2381.89990234375,2381.89990234375,2381.89990234375,2381.89990234375,826
2023-03-20 12:48:00-04:00,2386.1201171875,2386.1201171875,2386.1201171875,2386.1201171875,2386.1201171875,261
2023-03-20 12:49:00-04:00,2386.2099609375,2386.360107421875,2386.2099609375,2386.360107421875,2386.360107421875,1334
2023-03-20 12:56:00-04:00,2386.9599609375,2387.419921875,2386.9599609375,2387.419921875,2387.419921875,649
2023-03-20 12:58:00-04:00,2389.7099609375,2392.705078125,2389.7099609375,2391.47998046875,2391.47998046875,1393
2023-03-20 12:59:00-04:00,2392.39990234375,2393.31494140625,2392.39990234375,2393.31494140625,2393.31494140625,1491
2023-03-20 13:08:00-04:00,2396.179931640625,2396.179931640625,2396.179931640625,2396.179931640625,2396.179931640625,448
2023-03-20 13:12:00-04:00,2396.050048828125,2396.050048828125,2396.050048828125,2396.050048828125,2396.050048828125,429
2023-03-20 13:19:00-04:00,2395.514892578125,2395.514892578125,2393.080078125,2393.080078125,2393.080078125,782
2023-03-20 13:28:00-04:00,2393.81005859375,2393.81005859375,2393.81005859375,2393.81005859375,2393.81005859375,649
2023-03-20 13:39:00-04:00,2396.675048828125,2396.675048828125,2395.35009765625,2396.074951171875,2396.074951171875,364
2023-03-20 13:40:00-04:00,2400.0,2400.0,2395.47998046875,2395.47998046875,2395.47998046875,385
2023-03-20 13:41:00-04:00,2395.260009765625,2395.260009765625,2395.260009765625,2395.260009765625,2395.260009765625,499
2023-03-20 13:45:00-04:00,2395.0,2395.0,2394.760009765625,2394.760009765625,2394.760009765625,707
2023-03-20 13:47:00-04:00,2391.5,2392.340087890625,2391.5,2392.340087890625,2392.340087890625,259
2023-03-20 13:48:00-04:00,2392.919921875,2393.77001953125,2392.179931640625,2392.179931640625,2392.179931640625,510
2023-03-20 13:50:00-04:00,2393.70068359375,2393.70068359375,2393.70068359375,2393.70068359375,2393.70068359375,377
2023-03-20 13:52:00-04:00,2390.0,2390.0,2390.0,2390.0,2390.0,457
2023-03-20 13:55:00-04:00,2387.7099609375,2390.280029296875,2387.7099609375,2390.280029296875,2390.280029296875,2169
2023-03-20 14:00:00-04:00,2391.8798828125,2391.8798828125,2391.8798828125,2391.8798828125,2391.8798828125,383
2023-03-20 14:01:00-04:00,2390.780029296875,2390.780029296875,2390.52001953125,2390.52001953125,2390.52001953125,795
2023-03-20 14:13:00-04:00,2388.360107421875,2388.360107421875,2388.360107421875,2388.360107421875,2388.360107421875,370
2023-03-20 14:14:00-04:00,2387.179931640625,2387.179931640625,2386.239990234375,2386.239990234375,2386.239990234375,549
2023-03-20 14:15:00-04:00,2388.679931640625,2388.679931640625,2388.679931640625,2388.679931640625,2388.679931640625,420
2023-03-20 14:19:00-04:00,2386.340087890625,2386.4599609375,2386.340087890625,2386.4599609375,2386.4599609375,537
2023-03-20 14:21:00-04:00,2389.780029296875,2389.780029296875,2389.780029296875,2389.780029296875,2389.780029296875,330
2023-03-20 14:24:00-04:00,2386.449951171875,2386.449951171875,2386.449951171875,2386.449951171875,2386.449951171875,267
2023-03-20 14:27:00-04:00,2388.032470703125,2388.032470703125,2388.032470703125,2388.032470703125,2388.032470703125,493
2023-03-20 14:31:00-04:00,2388.6201171875,2388.6201171875,2386.8349609375,2388.469970703125,2388.469970703125,867
2023-03-20 14:34:00-04:00,2385.5849609375,2387.610107421875,2385.5849609375,2387.610107421875,2387.610107421875,433
2023-03-20 14:35:00-04:00,2386.43994140625,2387.77001953125,2386.43994140625,2387.77001953125,2387.77001953125,324
2023-03-20 14:36:00-04:00,2385.4599609375,2385.4599609375,2385.449951171875,2385.449951171875,2385.449951171875,646
2023-03-20 14:40:00-04:00,2381.72998046875,2381.72998046875,2381.409912109375,2381.409912109375,2381.409912109375,757
2023-03-20 14:41:00-04:00,2381.0,2381.0,2381.0,2381.0,2381.0,188
2023-03-20 14:42:00-04:00,2382.239990234375,2382.239990234375,2382.239990234375,2382.239990234375,2382.239990234375,303
2023-03-20 14:44:00-04:00,2383.260009765625,2383.260009765625,2383.260009765625,2383.260009765625,2383.260009765625,543
2023-03-20 14:45:00-04:00,2384.239990234375,2384.239990234375,2384.239990234375,2384.239990234375,2384.239990234375,1595
2023-03-20 14:56:00-04:00,2389.639892578125,2389.639892578125,2389.639892578125,2389.639892578125,2389.639892578125,1503
2023-03-20 15:13:00-04:00,2384.1650390625,2384.1650390625,2384.1650390625,2384.1650390625,2384.1650390625,868
2023-03-20 15:19:00-04:00,2388.780029296875,2390.034912109375,2388.780029296875,2390.034912109375,2390.034912109375,946
2023-03-20 15:22:00-04:00,2387.530029296875,2387.530029296875,2387.530029296875,2387.530029296875,2387.530029296875,649
2023-03-20 15:27:00-04:00,2390.014892578125,2390.014892578125,2390.014892578125,2390.014892578125,2390.014892578125,183
2023-03-20 15:29:00-04:00,2390.0,2390.0,2390.0,2390.0,2390.0,1071
2023-03-20 15:32:00-04:00,2391.39990234375,2391.39990234375,2390.52099609375,2390.52099609375,2390.52099609375,618
2023-03-20 15:34:00-04:00,2391.02001953125,2391.02001953125,2389.530029296875,2389.945068359375,2389.945068359375,3137
2023-03-20 15:39:00-04:00,2392.340087890625,2392.340087890625,2392.340087890625,2392.340087890625,2392.340087890625,347
2023-03-20 15:40:00-04:00,2389.14990234375,2390.31005859375,2389.14990234375,2390.31005859375,2390.31005859375,1988
2023-03-20 15:42:00-04:00,2392.080078125,2392.080078125,2392.080078125,2392.080078125,2392.080078125,463
2023-03-20 15:43:00-04:00,2392.669921875,2392.669921875,2392.669921875,2392.669921875,2392.669921875,1327
2023-03-20 15:52:00-04:00,2396.014892578125,2396.014892578125,2396.014892578125,2396.014892578125,2396.014892578125,3195
2023-03-20 15:55:00-04:00,2396.929931640625,2396.929931640625,2393.93994140625,2393.93994140625,2393.93994140625,3575
2023-03-20 15:56:00-04:00,2392.81005859375,2392.81005859375,2392.534912109375,2392.534912109375,2392.534912109375,888
2023-03-20 15:57:00-04:00,2391.291015625,2392.2099609375,2391.291015625,2391.301025390625,2391.301025390625,1426
2023-03-20 15:58:00-04:00,2392.199951171875,2392.199951171875,2392.199951171875,2392.199951171875,2392.199951171875,868
2023-03-20 15:59:00-04:00,2391.2900390625,2391.31005859375,2390.0,2390.0,2390.0,2010
2023-03-21 09:30:00-04:00,2406.2900390625,2409.489990234375,2406.2900390625,2409.485107421875,2409.485107421875,1309
2023-03-21 09:36:00-04:00,2403.8798828125,2403.8798828125,2403.8798828125,2403.8798828125,2403.8798828125,968
2023-03-21 09:40:00-04:00,2399.699951171875,2399.699951171875,2399.699951171875,2399.699951171875,2399.699951171875,312
2023-03-21 09:43:00-04:00,2396.659912109375,2400.2451171875,2396.659912109375,2399.780029296875,2399.780029296875,1521
2023-03-21 09:58:00-04:00,2392.77001953125,2392.77001953125,2392.719970703125,2392.719970703125,2392.719970703125,468
2023-03-21 09:59:00-04:00,2392.739990234375,2392.739990234375,2392.739990234375,2392.739990234375,2392.739990234375,1045
2023-03-21 10:10:00-04:00,2401.0400390625,2401.219970703125,2401.0400390625,2401.219970703125,2401.219970703125,811
2023-03-21 10:12:00-04:00,2400.6201171875,2400.6201171875,2400.6201171875,2400.6201171875,2400.6201171875,1487
2023-03-21 10:19:00-04:00,2399.39501953125,2399.39501953125,2399.39501953125,2399.39501953125,2399.39501953125,891
2023-03-21 10:23:00-04:00,2401.580078125,2401.580078125,2401.580078125,2401.580078125,2401.580078125,512
2023-03-21 10:24:00-04:00,2405.330078125,2405.330078125,2405.330078125,2405.330078125,2405.330078125,680
2023-03-21 10:26:00-04:00,2406.010009765625,2406.010009765625,2406.010009765625,2406.010009765625,2406.010009765625,173
2023-03-21 10:27:00-04:00,2404.949951171875,2404.949951171875,2404.949951171875,2404.949951171875,2404.949951171875,643
2023-03-21 10:28:00-04:00,2403.10009765625,2403.10009765625,2403.10009765625,2403.10009765625,2403.10009765625,412
2023-03-21 10:31:00-04:00,2404.31005859375,2404.31005859375,2404.31005859375,2404.31005859375,2404.31005859375,775
2023-03-21 10:35:00-04:00,2402.929931640625,2402.929931640625,2402.929931640625,2402.929931640625,2402.929931640625,884
2023-03-21 10:39:00-04:00,2400.219970703125,2400.219970703125,2400.219970703125,2400.219970703125,2400.219970703125,1463
2023-03-21 10:50:00-04:00,2394.610107421875,2394.610107421875,2393.6298828125,2393.6298828125,2393.6298828125,1585
2023-03-21 11:00:00-04:00,2395.909912109375,2395.909912109375,2395.909912109375,2395.909912109375,2395.909912109375,692
2023-03-21 11:07:00-04:00,2394.909912109375,2394.909912109375,2394.909912109375,2394.909912109375,2394.909912109375,602
2023-03-21 11:10:00-04:00,2395.969970703125,2395.969970703125,2395.969970703125,2395.969970703125,2395.969970703125,659
2023-03-21 11:21:00-04:00,2395.68994140625,2395.68994140625,2395.68994140625,2395.68994140625,2395.68994140625,308
2023-03-21 11:26:00-04:00,2396.25,2396.25,2394.840087890625,2394.840087890625,2394.840087890625,818
2023-03-21 11:28:00-04:00,2396.6298828125,2396.6298828125,2396.6298828125,2396.6298828125,2396.6298828125,847
2023-03-21 11:38:00-04:00,2398.179931640625,2398.179931640625,2396.544921875,2396.544921875,2396.544921875,2162
2023-03-21 11:52:00-04:00,2396.760009765625,2396.760009765625,2396.760009765625,2396.760009765625,2396.760009765625,509
2023-03-21 11:59:00-04:00,2394.110107421875,2394.110107421875,2394.110107421875,2394.110107421875,2394.110107421875,949
2023-03-21 12:06:00-04:00,2391.210205078125,2391.210205078125,2391.210205078125,2391.210205078125,2391.210205078125,1619
2023-03-21 12:14:00-04:00,2387.419921875,2387.419921875,2387.419921875,2387.419921875,2387.419921875,485
2023-03-21 12:16:00-04:00,2387.6298828125,2387.6298828125,2387.6298828125,2387.6298828125,2387.6298828125,125
2023-03-21 12:17:00-04:00,2387.317626953125,2387.317626953125,2387.317626953125,2387.317626953125,2387.317626953125,834
2023-03-21 12:20:00-04:00,2385.1201171875,2385.1201171875,2385.1201171875,2385.1201171875,2385.1201171875,322
2023-03-21 12:21:00-04:00,2385.554931640625,2385.554931640625,2385.554931640625,2385.554931640625,2385.554931640625,558
2023-03-21 12:27:00-04:00,2392.050048828125,2392.050048828125,2392.050048828125,2392.050048828125,2392.050048828125,2829
2023-03-21 12:42:00-04:00,2393.110107421875,2393.110107421875,2389.719970703125,2389.719970703125,2389.719970703125,1684
2023-03-21 12:59:00-04:00,2389.0400390625,2389.0400390625,2389.0400390625,2389.0400390625,2389.0400390625,283
2023-03-21 13:07:00-04:00,2387.800048828125,2387.800048828125,2387.800048828125,2387.800048828125,2387.800048828125,405
2023-03-21 13:08:00-04:00,2388.969970703125,2388.969970703125,2388.969970703125,2388.969970703125,2388.969970703125,276
2023-03-21 13:11:00-04:00,2387.0,2387.0,2387.0,2387.0,2387.0,200
2023-03-21 13:13:00-04:00,2386.830078125,2386.830078125,2386.830078125,2386.830078125,2386.830078125,381
2023-03-21 13:18:00-04:00,2386.635009765625,2386.635009765625,2386.635009765625,2386.635009765625,2386.635009765625,128
2023-03-21 13:19:00-04:00,2386.419921875,2386.419921875,2386.419921875,2386.419921875,2386.419921875,372
2023-03-21 13:21:00-04:00,2385.18505859375,2385.18505859375,2385.18505859375,2385.18505859375,2385.18505859375,373
2023-03-21 13:25:00-04:00,2385.219970703125,2385.219970703125,2385.219970703125,2385.219970703125,2385.219970703125,540
2023-03-21 13:26:00-04:00,2386.06005859375,2386.06005859375,2386.06005859375,2386.06005859375,2386.06005859375,270
2023-03-21 13:29:00-04:00,2386.534912109375,2386.534912109375,2384.840087890625,2384.840087890625,2384.840087890625,263
2023-03-21 13:30:00-04:00,2384.945068359375,2387.7099609375,2384.945068359375,2387.7099609375,2387.7099609375,800
2023-03-21 13:31:00-04:00,2388.679931640625,2388.679931640625,2387.18505859375,2387.18505859375,2387.18505859375,371
2023-03-21 13:34:00-04:00,2389.034912109375,2390.780029296875,2389.034912109375,2389.205078125,2389.205078125,650
2023-03-21 13:35:00-04:00,2388.294921875,2388.294921875,2387.699951171875,2388.18505859375,2388.18505859375,1258
2023-03-21 13:45:00-04:00,2386.300048828125,2386.364990234375,2386.300048828125,2386.364990234375,2386.364990234375,830
2023-03-21 13:49:00-04:00,2383.219970703125,2383.219970703125,2383.219970703125,2383.219970703125,2383.219970703125,376
2023-03-21 13:51:00-04:00,2384.679931640625,2384.679931640625,2384.679931640625,2384.679931640625,2384.679931640625,148
2023-03-21 13:54:00-04:00,2383.93994140625,2384.02490234375,2383.610107421875,2384.02490234375,2384.02490234375,2236
2023-03-21 14:14:00-04:00,2383.71240234375,2384.760009765625,2383.71240234375,2384.5400390625,2384.5400390625,1512
2023-03-21 14:18:00-04:00,2384.114990234375,2384.114990234375,2384.114990234375,2384.114990234375,2384.114990234375,757
2023-03-21 14:26:00-04:00,2386.39501953125,2387.25,2386.39501953125,2387.25,2387.25,829
2023-03-21 14:32:00-04:00,2389.2099609375,2389.2099609375,2389.2099609375,2389.2099609375,2389.2099609375,1663
2023-03-21 14:51:00-04:00,2390.340087890625,2390.340087890625,2390.340087890625,2390.340087890625,2390.340087890625,1594
2023-03-21 14:54:00-04:00,2388.679931640625,2388.679931640625,2388.679931640625,2388.679931640625,2388.679931640625,348
2023-03-21 14:55:00-04:00,2389.97998046875,2389.97998046875,2389.97998046875,2389.97998046875,2389.97998046875,462
2023-03-21 14:57:00-04:00,2390.909912109375,2390.909912109375,2390.909912109375,2390.909912109375,2390.909912109375,2234
2023-03-21 15:10:00-04:00,2394.8701171875,2394.8701171875,2394.8701171875,2394.8701171875,2394.8701171875,528
2023-03-21 15:12:00-04:00,2396.8798828125,2396.889892578125,2396.8798828125,2396.889892578125,2396.889892578125,630
2023-03-21 15:14:00-04:00,2396.360107421875,2396.360107421875,2396.360107421875,2396.360107421875,2396.360107421875,779
2023-03-21 15:19:00-04:00,2398.280029296875,2398.280029296875,2398.280029296875,2398.280029296875,2398.280029296875,238
2023-03-21 15:20:00-04:00,2398.155029296875,2398.155029296875,2398.155029296875,2398.155029296875,2398.155029296875,762
2023-03-21 15:24:00-04:00,2396.889892578125,2396.889892578125,2396.889892578125,2396.889892578125,2396.889892578125,714
2023-03-21 15:28:00-04:00,2395.139892578125,2395.139892578125,2395.139892578125,2395.139892578125,2395.139892578125,601
2023-03-21 15:31:00-04:00,2395.030029296875,2395.030029296875,2395.030029296875,2395.030029296875,2395.030029296875,756
2023-03-21 15:35:00-04:00,2395.659912109375,2395.659912109375,2395.659912109375,2395.659912109375,2395.659912109375,195
2023-03-21 15:36:00-04:00,2395.659912109375,2395.659912109375,2395.659912109375,2395.659912109375,2395.659912109375,1300
2023-03-21 15:40:00-04:00,2397.25,2397.25,2397.25,2397.25,2397.25,1804
2023-03-21 15:43:00-04:00,2401.010009765625,2401.010009765625,2400.72998046875,2400.72998046875,2400.72998046875,990
2023-03-21 15:48:00-04:00,2402.679931640625,2402.679931640625,2402.679931640625,2402.679931640625,2402.679931640625,695
2023-03-21 15:51:00-04:00,2399.320068359375,2399.320068359375,2399.320068359375,2399.320068359375,2399.320068359375,2225
2023-03-21 15:52:00-04:00,2400.820068359375,2400.820068359375,2400.820068359375,2400.820068359375,2400.820068359375,655
2023-03-21 15:53:00-04:00,2400.919921875,2400.919921875,2400.919921875,2400.919921875,2400.919921875,439
2023-03-21 15:55:00-04:00,2400.280029296875,2400.280029296875,2398.35009765625,2398.72509765625,2398.72509765625,2461
2023-03-21 15:56:00-04:00,2398.929931640625,2398.929931640625,2398.929931640625,2398.929931640625,2398.929931640625,994
2023-03-21 15:57:00-04:00,2398.2900390625,2398.2900390625,2397.0400390625,2397.0400390625,2397.0400390625,2014
2023-03-21 15:58:00-04:00,2396.614990234375,2396.614990234375,2396.614990234375,2396.614990234375,2396.614990234375,225
2023-03-21 15:59:00-04:00,2396.81005859375,2396.81005859375,2391.199951171875,2394.949951171875,2394.949951171875,6650
2023-03-22 09:30:00-04:00,2397.659912109375,2397.659912109375,2397.659912109375,2397.659912109375,2397.659912109375,834
2023-03-22 09:34:00-04:00,2388.719970703125,2388.719970703125,2388.719970703125,2388.719970703125,2388.719970703125,711
2023-03-22 09:38:00-04:00,2392.320068359375,2392.320068359375,2392.320068359375,2392.320068359375,2392.320068359375,327
2023-03-22 09:41:00-04:00,2386.449951171875,2386.449951171875,2386.449951171875,2386.449951171875,2386.449951171875,432
2023-03-22 09:50:00-04:00,2389.669921875,2389.669921875,2389.669921875,2389.669921875,2389.669921875,459
2023-03-22 09:53:00-04:00,2390.280029296875,2390.280029296875,2390.280029296875,2390.280029296875,2390.280029296875,386
2023-03-22 09:56:00-04:00,2392.52001953125,2392.52001953125,2392.52001953125,2392.52001953125,2392.52001953125,822
2023-03-22 10:02:00-04:00,2394.97998046875,2394.97998046875,2394.97998046875,2394.97998046875,2394.97998046875,721
2023-03-22 10:03:00-04:00,2390.7099609375,2390.7099609375,2390.7099609375,2390.7099609375,2390.7099609375,1074
2023-03-22 10:15:00-04:00,2391.800048828125,2391.800048828125,2391.56005859375,2391.56005859375,2391.56005859375,1477
2023-03-22 10:24:00-04:00,2389.260009765625,2389.260009765625,2387.760009765625,2387.760009765625,2387.760009765625,521
2023-03-22 10:25:00-04:00,2388.81005859375,2388.81005859375,2388.81005859375,2388.81005859375,2388.81005859375,497
2023-03-22 10:29:00-04:00,2390.722412109375,2390.722412109375,2390.722412109375,2390.722412109375,2390.722412109375,212
2023-03-22 10:31:00-04:00,2390.14990234375,2390.14990234375,2390.14990234375,2390.14990234375,2390.14990234375,869
2023-03-22 10:34:00-04:00,2390.364990234375,2390.364990234375,2390.364990234375,2390.364990234375,2390.364990234375,300
2023-03-22 10:36:00-04:00,2389.159912109375,2389.159912109375,2389.159912109375,2389.159912109375,2389.159912109375,613
2023-03-22 10:40:00-04:00,2389.610107421875,2389.610107421875,2389.610107421875,2389.610107421875,2389.610107421875,102
2023-03-22 10:41:00-04:00,2387.0,2390.080078125,2387.0,2390.080078125,2390.080078125,487
2023-03-22 10:44:00-04:00,2387.429931640625,2387.47998046875,2387.429931640625,2387.47998046875,2387.47998046875,1246
2023-03-22 10:50:00-04:00,2387.7900390625,2387.830078125,2387.7900390625,2387.830078125,2387.830078125,1140
2023-03-22 10:53:00-04:00,2383.9951171875,2386.27001953125,2383.9951171875,2386.27001953125,2386.27001953125,356
2023-03-22 10:55:00-04:00,2380.239990234375,2380.239990234375,2380.239990234375,2380.239990234375,2380.239990234375,296
2023-03-22 10:57:00-04:00,2383.090087890625,2383.090087890625,2383.070068359375,2383.070068359375,2383.070068359375,490
2023-03-22 10:59:00-04:00,2379.800048828125,2380.93994140625,2379.554931640625,2380.93994140625,2380.93994140625,629
2023-03-22 11:00:00-04:00,2381.1201171875,2381.1201171875,2381.1201171875,2381.1201171875,2381.1201171875,837
2023-03-22 11:06:00-04:00,2379.8798828125,2379.8798828125,2379.8798828125,2379.8798828125,2379.8798828125,161
2023-03-22 11:07:00-04:00,2377.510009765625,2377.510009765625,2377.510009765625,2377.510009765625,2377.510009765625,338
2023-03-22 11:09:00-04:00,2377.1201171875,2377.1201171875,2377.1201171875,2377.1201171875,2377.1201171875,511
2023-03-22 11:17:00-04:00,2380.699951171875,2380.699951171875,2380.699951171875,2380.699951171875,2380.699951171875,434
2023-03-22 11:21:00-04:00,2376.93505859375,2379.929931640625,2376.93505859375,2379.070068359375,2379.070068359375,1049
2023-03-22 11:30:00-04:00,2379.760009765625,2379.760009765625,2379.760009765625,2379.760009765625,2379.760009765625,1273
2023-03-22 11:41:00-04:00,2376.659912109375,2376.659912109375,2376.659912109375,2376.659912109375,2376.659912109375,2048
2023-03-22 11:59:00-04:00,2382.389892578125,2382.389892578125,2382.389892578125,2382.389892578125,2382.389892578125,778
2023-03-22 12:09:00-04:00,2379.5,2379.5,2379.5,2379.5,2379.5,1955
2023-03-22 12:18:00-04:00,2376.97998046875,2376.97998046875,2376.97998046875,2376.97998046875,2376.97998046875,919
2023-03-22 12:26:00-04:00,2377.795654296875,2377.795654296875,2377.795654296875,2377.795654296875,2377.795654296875,744
2023-03-22 12:27:00-04:00,2380.544921875,2380.544921875,2380.544921875,2380.544921875,2380.544921875,238
2023-03-22 12:29:00-04:00,2381.034912109375,2381.034912109375,2381.034912109375,2381.034912109375,2381.034912109375,211
2023-03-22 12:31:00-04:00,2379.780029296875,2379.780029296875,2377.93994140625,2377.93994140625,2377.93994140625,2072
2023-03-22 12:36:00-04:00,2379.39990234375,2380.0,2378.945068359375,2380.0,2380.0,1698
2023-03-22 12:56:00-04:00,2379.239990234375,2379.239990234375,2379.239990234375,2379.239990234375,2379.239990234375,461
2023-03-22 13:01:00-04:00,2377.760009765625,2377.760009765625,2377.68994140625,2377.68994140625,2377.68994140625,1488
2023-03-22 13:02:00-04:00,2377.0,2377.0,2376.5400390625,2376.5400390625,2376.5400390625,363
2023-03-22 13:03:00-04:00,2374.3701171875,2374.3701171875,2374.3701171875,2374.3701171875,2374.3701171875,254
2023-03-22 13:05:00-04:00,2375.409912109375,2375.409912109375,2374.3701171875,2374.3701171875,2374.3701171875,1441
2023-03-22 13:08:00-04:00,2374.06494140625,2374.06494140625,2374.06494140625,2374.06494140625,2374.06494140625,532
2023-03-22 13:10:00-04:00,2375.2099609375,2375.2099609375,2375.2099609375,2375.2099609375,2375.2099609375,423
2023-03-22 13:12:00-04:00,2378.14990234375,2378.14990234375,2378.14990234375,2378.14990234375,2378.14990234375,928
2023-03-22 13:13:00-04:00,2378.889892578125,2378.889892578125,2378.719970703125,2378.719970703125,2378.719970703125,801
2023-03-22 13:20:00-04:00,2378.820068359375,2379.7099609375,2378.699951171875,2379.7099609375,2379.7099609375,1435
2023-03-22 13:23:00-04:00,2379.5,2379.5,2379.5,2379.5,2379.5,757
2023-03-22 13:37:00-04:00,2379.780029296875,2379.780029296875,2379.639892578125,2379.639892578125,2379.639892578125,810
2023-03-22 13:40:00-04:00,2379.409912109375,2379.409912109375,2379.409912109375,2379.409912109375,2379.409912109375,745
2023-03-22 13:43:00-04:00,2380.2099609375,2380.2099609375,2380.2099609375,2380.2099609375,2380.2099609375,546
2023-03-22 13:48:00-04:00,2380.0,2380.0,2380.0,2380.0,2380.0,243
2023-03-22 13:52:00-04:00,2380.0,2380.0,2380.0,2380.0,2380.0,375
2023-03-22 13:57:00-04:00,2378.68994140625,2378.68994140625,2378.489990234375,2378.489990234375,2378.489990234375,996
2023-03-22 14:00:00-04:00,2378.889892578125,2378.889892578125,2378.64990234375,2378.64990234375,2378.64990234375,845
2023-03-22 14:02:00-04:00,2376.909912109375,2376.909912109375,2376.909912109375,2376.909912109375,2376.909912109375,951
2023-03-22 14:05:00-04:00,2383.510009765625,2383.510009765625,2381.25,2381.25,2381.25,542
2023-03-22 14:06:00-04:00,2383.050048828125,2383.050048828125,2383.050048828125,2383.050048828125,2383.050048828125,345
2023-03-22 14:07:00-04:00,2380.60009765625,2380.60009765625,2380.0,2380.0,2380.0,378
2023-03-22 14:08:00-04:00,2379.7099609375,2379.7099609375,2379.7099609375,2379.7099609375,2379.7099609375,309
2023-03-22 14:12:00-04:00,2381.4599609375,2381.4599609375,2381.4599609375,2381.4599609375,2381.4599609375,693
2023-03-22 14:19:00-04:00,2383.510009765625,2385.0,2383.510009765625,2385.0,2385.0,834
2023-03-22 14:20:00-04:00,2382.9599609375,2382.9599609375,2382.9599609375,2382.9599609375,2382.9599609375,125
2023-03-22 14:21:00-04:00,2383.8154296875,2383.8154296875,2382.7900390625,2382.7900390625,2382.7900390625,1306
2023-03-22 14:32:00-04:00,2384.070068359375,2384.070068359375,2384.070068359375,2384.070068359375,2384.070068359375,686
2023-03-22 14:36:00-04:00,2381.35009765625,2381.35009765625,2379.2099609375,2379.2099609375,2379.2099609375,2455
2023-03-22 14:38:00-04:00,2386.25,2386.25,2386.25,2386.25,2386.25,285
2023-03-22 14:40:00-04:00,2382.155029296875,2382.155029296875,2382.155029296875,2382.155029296875,2382.155029296875,1261
2023-03-22 14:43:00-04:00,2387.300048828125,2387.300048828125,2387.300048828125,2387.300048828125,2387.300048828125,215
2023-03-22 14:45:00-04:00,2385.31005859375,2385.31005859375,2385.31005859375,2385.31005859375,2385.31005859375,131
2023-03-22 14:47:00-04:00,2385.360107421875,2385.360107421875,2385.2900390625,2385.2900390625,2385.2900390625,1160
2023-03-22 14:55:00-04:00,2382.050048828125,2382.050048828125,2382.050048828125,2382.050048828125,2382.050048828125,433
2023-03-22 14:56:00-04:00,2379.830078125,2379.830078125,2379.830078125,2379.830078125,2379.830078125,351
2023-03-22 14:58:00-04:00,2377.10009765625,2377.43505859375,2377.10009765625,2377.43505859375,2377.43505859375,213
2023-03-22 14:59:00-04:00,2376.260009765625,2376.260009765625,2376.260009765625,2376.260009765625,2376.260009765625,1341
2023-03-22 15:04:00-04:00,2373.169921875,2373.169921875,2370.469970703125,2370.89990234375,2370.89990234375,1092
2023-03-22 15:05:00-04:00,2369.89990234375,2369.89990234375,2369.89990234375,2369.89990234375,2369.89990234375,859
2023-03-22 15:10:00-04:00,2368.550048828125,2368.550048828125,2368.550048828125,2368.550048828125,2368.550048828125,707
2023-03-22 15:15:00-04:00,2368.22998046875,2368.22998046875,2368.22998046875,2368.22998046875,2368.22998046875,459
2023-03-22 15:17:00-04:00,2370.6201171875,2370.6201171875,2369.409912109375,2369.409912109375,2369.409912109375,555
2023-03-22 15:18:00-04:00,2369.9951171875,2369.9951171875,2369.9951171875,2369.9951171875,2369.9951171875,1448
2023-03-22 15:21:00-04:00,2374.070068359375,2374.070068359375,2374.070068359375,2374.070068359375,2374.070068359375,393
2023-03-22 15:23:00-04:00,2373.760009765625,2374.070068359375,2373.760009765625,2374.070068359375,2374.070068359375,466
2023-03-22 15:24:00-04:00,2372.875,2372.875,2372.875,2372.875,2372.875,382
2023-03-22 15:28:00-04:00,2374.909912109375,2374.909912109375,2374.909912109375,2374.909912109375,2374.909912109375,241
2023-03-22 15:30:00-04:00,2374.610107421875,2375.050048828125,2374.610107421875,2375.050048828125,2375.050048828125,1315
2023-03-22 15:31:00-04:00,2374.449951171875,2374.449951171875,2373.6201171875,2373.6201171875,2373.6201171875,916
2023-03-22 15:33:00-04:00,2372.239990234375,2372.239990234375,2372.239990234375,2372.239990234375,2372.239990234375,782
2023-03-22 15:36:00-04:00,2370.85009765625,2370.85009765625,2367.2900390625,2367.2900390625,2367.2900390625,1743
2023-03-22 15:40:00-04:00,2369.830078125,2369.830078125,2369.830078125,2369.830078125,2369.830078125,706
2023-03-22 15:42:00-04:00,2368.449951171875,2368.449951171875,2368.449951171875,2368.449951171875,2368.449951171875,499
2023-03-22 15:44:00-04:00,2366.1298828125,2366.1298828125,2366.1298828125,2366.1298828125,2366.1298828125,306
2023-03-22 15:45:00-04:00,2365.659912109375,2365.659912109375,2364.72998046875,2364.72998046875,2364.72998046875,400
2023-03-22 15:46:00-04:00,2364.840087890625,2364.840087890625,2364.840087890625,2364.840087890625,2364.840087890625,689
2023-03-22 15:48:00-04:00,2363.010009765625,2363.010009765625,2363.010009765625,2363.010009765625,2363.010009765625,363
2023-03-22 15:51:00-04:00,2361.550048828125,2361.550048828125,2361.550048828125,2361.550048828125,2361.550048828125,1080
2023-03-22 15:52:00-04:00,2359.68994140625,2359.68994140625,2355.949951171875,2355.949951171875,2355.949951171875,1092
2023-03-22 15:53:00-04:00,2355.300048828125,2355.300048828125,2355.300048828125,2355.300048828125,2355.300048828125,175
2023-03-22 15:55:00-04:00,2353.050048828125,2353.050048828125,2347.780029296875,2350.47998046875,2350.47998046875,2421
2023-03-22 15:56:00-04:00,2349.449951171875,2350.340087890625,2349.449951171875,2350.340087890625,2350.340087890625,949
2023-03-22 15:57:00-04:00,2349.75,2349.77490234375,2349.010009765625,2349.77490234375,2349.77490234375,794
2023-03-22 15:58:00-04:00,2349.794921875,2349.840087890625,2349.794921875,2349.840087890625,2349.840087890625,1082
2023-03-22 15:59:00-04:00,2349.965087890625,2350.010009765625,2348.52001953125,2350.0,2350.0,7064
2023-03-23 09:30:00-04:00,2349.7099609375,2356.8349609375,2349.7099609375,2356.8349609375,2356.8349609375,1728
2023-03-23 09:33:00-04:00,2356.780029296875,2356.780029296875,2356.780029296875,2356.780029296875,2356.780029296875,386
2023-03-23 09:34:00-04:00,2351.0,2351.0,2351.0,2351.0,2351.0,538
2023-03-23 09:35:00-04:00,2350.929931640625,2350.929931640625,2350.929931640625,2350.929931640625,2350.929931640625,391
2023-03-23 09:36:00-04:00,2345.75,2345.75,2345.60009765625,2345.60009765625,2345.60009765625,1267
2023-03-23 09:37:00-04:00,2345.205078125,2345.205078125,2344.989990234375,2344.989990234375,2344.989990234375,655
2023-03-23 09:42:00-04:00,2345.340087890625,2345.35009765625,2345.340087890625,2345.35009765625,2345.35009765625,1098
2023-03-23 09:43:00-04:00,2345.534912109375,2345.534912109375,2345.530029296875,2345.534912109375,2345.534912109375,580
2023-03-23 09:46:00-04:00,2343.25,2343.25,2343.25,2343.25,2343.25,960
2023-03-23 09:53:00-04:00,2330.080078125,2330.080078125,2325.985107421875,2325.985107421875,2325.985107421875,990
2023-03-23 09:55:00-04:00,2326.06005859375,2329.830078125,2326.06005859375,2329.830078125,2329.830078125,1147
2023-03-23 09:57:00-04:00,2327.360107421875,2327.8349609375,2327.360107421875,2327.8349609375,2327.8349609375,607
2023-03-23 09:58:00-04:00,2327.550048828125,2327.550048828125,2327.219970703125,2327.219970703125,2327.219970703125,1532
2023-03-23 09:59:00-04:00,2327.260009765625,2327.260009765625,2327.260009765625,2327.260009765625,2327.260009765625,131
2023-03-23 10:00:00-04:00,2330.10009765625,2330.10009765625,2328.324951171875,2328.324951171875,2328.324951171875,804
2023-03-23 10:01:00-04:00,2332.2099609375,2332.2099609375,2332.2099609375,2332.2099609375,2332.2099609375,1267
2023-03-23 10:04:00-04:00,2335.18994140625,2335.18994140625,2335.18994140625,2335.18994140625,2335.18994140625,165
2023-03-23 10:05:00-04:00,2335.97998046875,2335.97998046875,2331.094970703125,2331.094970703125,2331.094970703125,1355
2023-03-23 10:06:00-04:00,2330.97998046875,2330.97998046875,2330.97998046875,2330.97998046875,2330.97998046875,486
2023-03-23 10:08:00-04:00,2332.6201171875,2332.6201171875,2331.320068359375,2331.320068359375,2331.320068359375,331
2023-03-23 10:09:00-04:00,2331.22509765625,2333.8291015625,2331.22509765625,2331.614990234375,2331.614990234375,1204
2023-03-23 10:11:00-04:00,2329.919921875,2329.919921875,2329.919921875,2329.919921875,2329.919921875,236
2023-03-23 10:12:00-04:00,2331.340087890625,2331.340087890625,2331.340087890625,2331.340087890625,2331.340087890625,1190
2023-03-23 10:18:00-04:00,2332.79052734375,2332.79052734375,2332.79052734375,2332.79052734375,2332.79052734375,847
2023-03-23 10:22:00-04:00,2330.6826171875,2330.6826171875,2327.580078125,2327.580078125,2327.580078125,1622
2023-03-23 10:23:00-04:00,2331.010009765625,2331.010009765625,2325.014892578125,2327.969970703125,2327.969970703125,910
2023-03-23 10:26:00-04:00,2327.320068359375,2327.324951171875,2325.22998046875,2327.324951171875,2327.324951171875,829
2023-03-23 10:27:00-04:00,2327.3349609375,2328.18994140625,2327.18994140625,2327.18994140625,2327.18994140625,1905
2023-03-23 10:28:00-04:00,2328.195068359375,2328.195068359375,2328.195068359375,2328.195068359375,2328.195068359375,650
2023-03-23 10:29:00-04:00,2326.820068359375,2326.820068359375,2326.820068359375,2326.820068359375,2326.820068359375,1128
2023-03-23 10:31:00-04:00,2326.8798828125,2326.8798828125,2326.8798828125,2326.8798828125,2326.8798828125,185
2023-03-23 10:32:00-04:00,2328.18994140625,2328.81005859375,2328.0,2328.0,2328.0,1404
2023-03-23 10:33:00-04:00,2324.85009765625,2327.81494140625,2324.85009765625,2327.81494140625,2327.81494140625,498
2023-03-23 10:35:00-04:00,2328.219970703125,2328.31005859375,2328.219970703125,2328.31005859375,2328.31005859375,434
2023-03-23 10:36:00-04:00,2329.570068359375,2329.570068359375,2329.570068359375,2329.570068359375,2329.570068359375,493
2023-03-23 10:38:00-04:00,2327.392578125,2327.392578125,2327.392578125,2327.392578125,2327.392578125,550
2023-03-23 10:40:00-04:00,2328.0,2328.510009765625,2328.0,2328.510009765625,2328.510009765625,880
2023-03-23 10:44:00-04:00,2328.0,2328.0,2328.0,2328.0,2328.0,1227
2023-03-23 10:45:00-04:00,2328.0,2329.60009765625,2326.844970703125,2329.050048828125,2329.050048828125,1518
2023-03-23 10:49:00-04:00,2332.4150390625,2335.39990234375,2332.4150390625,2335.39990234375,2335.39990234375,1664
2023-03-23 10:50:00-04:00,2339.800048828125,2339.800048828125,2339.800048828125,2339.800048828125,2339.800048828125,294
2023-03-23 10:53:00-04:00,2341.60009765625,2342.7548828125,2341.60009765625,2342.7548828125,2342.7548828125,669
2023-03-23 10:57:00-04:00,2344.64990234375,2344.64990234375,2343.14501953125,2343.14501953125,2343.14501953125,1059
2023-03-23 11:00:00-04:00,2342.860107421875,2342.860107421875,2342.860107421875,2342.860107421875,2342.860107421875,123
2023-03-23 11:01:00-04:00,2342.844970703125,2342.844970703125,2342.840087890625,2342.840087890625,2342.840087890625,626
2023-03-23 11:02:00-04:00,2340.2900390625,2340.2900390625,2340.2900390625,2340.2900390625,2340.2900390625,541
2023-03-23 11:04:00-04:00,2340.070068359375,2340.070068359375,2340.070068359375,2340.070068359375,2340.070068359375,1241
2023-03-23 11:08:00-04:00,2336.699951171875,2336.699951171875,2336.699951171875,2336.699951171875,2336.699951171875,639
2023-03-23 11:09:00-04:00,2338.659912109375,2338.659912109375,2338.659912109375,2338.659912109375,2338.659912109375,104
2023-03-23 11:10:00-04:00,2337.110107421875,2339.10009765625,2337.110107421875,2339.10009765625,2339.10009765625,517
2023-03-23 11:11:00-04:00,2339.074951171875,2339.080078125,2339.074951171875,2339.080078125,2339.080078125,228
2023-03-23 11:14:00-04:00,2340.010009765625,2340.010009765625,2340.010009765625,2340.010009765625,2340.010009765625,511
2023-03-23 11:18:00-04:00,2338.9951171875,2338.9951171875,2338.9951171875,2338.9951171875,2338.9951171875,310
2023-03-23 11:19:00-04:00,2337.14990234375,2337.14990234375,2334.030029296875,2334.030029296875,2334.030029296875,1004
2023-03-23 11:23:00-04:00,2333.409912109375,2333.409912109375,2333.409912109375,2333.409912109375,2333.409912109375,535
2023-03-23 11:29:00-04:00,2331.030029296875,2331.030029296875,2331.030029296875,2331.030029296875,2331.030029296875,262
2023-03-23 11:30:00-04:00,2329.860107421875,2329.860107421875,2329.860107421875,2329.860107421875,2329.860107421875,1613
2023-03-23 11:32:00-04:00,2334.909912109375,2334.909912109375,2332.985107421875,2332.985107421875,2332.985107421875,911
2023-03-23 11:33:00-04:00,2332.889892578125,2332.889892578125,2331.760009765625,2331.760009765625,2331.760009765625,915
2023-03-23 11:38:00-04:00,2334.35498046875,2334.35498046875,2334.35498046875,2334.35498046875,2334.35498046875,684
2023-03-23 11:47:00-04:00,2334.594970703125,2334.594970703125,2334.594970703125,2334.594970703125,2334.594970703125,962
2023-03-23 11:50:00-04:00,2336.669921875,2336.669921875,2336.669921875,2336.669921875,2336.669921875,752
2023-03-23 11:52:00-04:00,2338.75,2340.2548828125,2338.75,2340.2548828125,2340.2548828125,317
2023-03-23 11:53:00-04:00,2338.570068359375,2338.570068359375,2338.570068359375,2338.570068359375,2338.570068359375,834
2023-03-23 11:55:00-04:00,2337.929931640625,2337.929931640625,2337.925048828125,2337.925048828125,2337.925048828125,570
2023-03-23 12:03:00-04:00,2336.199951171875,2336.199951171875,2336.199951171875,2336.199951171875,2336.199951171875,1045
2023-03-23 12:09:00-04:00,2339.6298828125,2339.6298828125,2339.6298828125,2339.6298828125,2339.6298828125,691
2023-03-23 12:12:00-04:00,2338.1005859375,2338.1005859375,2338.1005859375,2338.1005859375,2338.1005859375,445
2023-03-23 12:14:00-04:00,2339.89990234375,2339.89990234375,2339.89990234375,2339.89990234375,2339.89990234375,178
2023-03-23 12:19:00-04:00,2340.35009765625,2340.35009765625,2340.35009765625,2340.35009765625,2340.35009765625,564
2023-03-23 12:21:00-04:00,2338.77001953125,2338.77001953125,2338.77001953125,2338.77001953125,2338.77001953125,721
2023-03-23 12:23:00-04:00,2338.580078125,2338.659912109375,2338.445068359375,2338.445068359375,2338.445068359375,736
2023-03-23 12:26:00-04:00,2339.77001953125,2339.77001953125,2339.77001953125,2339.77001953125,2339.77001953125,337
2023-03-23 12:29:00-04:00,2339.2451171875,2339.2451171875,2339.2451171875,2339.2451171875,2339.2451171875,104
2023-03-23 12:30:00-04:00,2339.235107421875,2339.235107421875,2339.235107421875,2339.235107421875,2339.235107421875,214
2023-03-23 12:31:00-04:00,2339.215087890625,2339.215087890625,2339.215087890625,2339.215087890625,2339.215087890625,176
2023-03-23 12:33:00-04:00,2339.635009765625,2339.635009765625,2339.635009765625,2339.635009765625,2339.635009765625,164
2023-03-23 12:35:00-04:00,2339.639892578125,2339.639892578125,2339.639892578125,2339.639892578125,2339.639892578125,410
2023-03-23 12:36:00-04:00,2339.550048828125,2339.550048828125,2339.550048828125,2339.550048828125,2339.550048828125,238
2023-03-23 12:38:00-04:00,2339.6298828125,2339.6298828125,2339.6298828125,2339.6298828125,2339.6298828125,164
2023-03-23 12:39:00-04:00,2340.280029296875,2340.280029296875,2340.280029296875,2340.280029296875,2340.280029296875,988
2023-03-23 12:45:00-04:00,2340.22998046875,2340.22998046875,2340.22998046875,2340.22998046875,2340.22998046875,623
2023-03-23 12:47:00-04:00,2340.219970703125,2340.219970703125,2340.219970703125,2340.219970703125,2340.219970703125,373
2023-03-23 12:50:00-04:00,2339.429931640625,2339.429931640625,2339.429931640625,2339.429931640625,2339.429931640625,237
2023-03-23 12:55:00-04:00,2338.590087890625,2338.590087890625,2338.590087890625,2338.590087890625,2338.590087890625,465
2023-03-23 12:58:00-04:00,2337.570068359375,2337.570068359375,2337.570068359375,2337.570068359375,2337.570068359375,182
2023-03-23 12:59:00-04:00,2335.945068359375,2335.945068359375,2335.945068359375,2335.945068359375,2335.945068359375,262
2023-03-23 13:02:00-04:00,2334.77001953125,2334.77001953125,2334.77001953125,2334.77001953125,2334.77001953125,151
2023-03-23 13:05:00-04:00,2336.949951171875,2336.949951171875,2336.949951171875,2336.949951171875,2336.949951171875,686
2023-03-23 13:07:00-04:00,2334.7099609375,2334.7099609375,2334.7099609375,2334.7099609375,2334.7099609375,146
2023-03-23 13:08:00-04:00,2333.919921875,2333.919921875,2333.110107421875,2333.344970703125,2333.344970703125,1294
2023-03-23 13:09:00-04:00,2331.330078125,2331.330078125,2331.330078125,2331.330078125,2331.330078125,835
2023-03-23 13:12:00-04:00,2330.3701171875,2330.3701171875,2330.3701171875,2330.3701171875,2330.3701171875,198
2023-03-23 13:13:00-04:00,2331.2900390625,2331.3701171875,2331.2900390625,2331.3701171875,2331.3701171875,498
2023-03-23 13:14:00-04:00,2330.5400390625,2332.60009765625,2330.5400390625,2332.580078125,2332.580078125,1549
2023-03-23 13:18:00-04:00,2328.22998046875,2328.239990234375,2327.85009765625,2327.85009765625,2327.85009765625,2725
2023-03-23 13:20:00-04:00,2329.8798828125,2330.550048828125,2329.8798828125,2330.550048828125,2330.550048828125,1438
2023-03-23 13:26:00-04:00,2328.35009765625,2328.360107421875,2328.340087890625,2328.340087890625,2328.340087890625,1697
2023-03-23 13:30:00-04:00,2328.449951171875,2328.590087890625,2328.449951171875,2328.590087890625,2328.590087890625,808
2023-03-23 13:31:00-04:00,2328.635009765625,2328.635009765625,2328.10009765625,2328.10009765625,2328.10009765625,1217
2023-03-23 13:33:00-04:00,2328.614990234375,2328.614990234375,2328.614990234375,2328.614990234375,2328.614990234375,558
2023-03-23 13:36:00-04:00,2326.68994140625,2326.68994140625,2326.68994140625,2326.68994140625,2326.68994140625,438
2023-03-23 13:38:00-04:00,2326.68994140625,2326.68994140625,2326.68994140625,2326.68994140625,2326.68994140625,2200
2023-03-23 13:41:00-04:00,2326.820068359375,2326.820068359375,2326.820068359375,2326.820068359375,2326.820068359375,1033
2023-03-23 13:47:00-04:00,2325.0,2325.0,2323.547119140625,2323.547119140625,2323.547119140625,1685
2023-03-23 13:51:00-04:00,2323.364990234375,2323.364990234375,2323.364990234375,2323.364990234375,2323.364990234375,292
2023-03-23 13:52:00-04:00,2326.530029296875,2326.530029296875,2323.387451171875,2323.387451171875,2323.387451171875,551
2023-03-23 13:53:00-04:00,2323.385009765625,2323.385009765625,2323.385009765625,2323.385009765625,2323.385009765625,132
2023-03-23 13:54:00-04:00,2325.820068359375,2325.820068359375,2325.820068359375,2325.820068359375,2325.820068359375,271
2023-03-23 13:58:00-04:00,2322.16015625,2324.81005859375,2322.16015625,2324.81005859375,2324.81005859375,573
2023-03-23 13:59:00-04:00,2324.300048828125,2326.179931640625,2323.31494140625,2323.800048828125,2323.800048828125,2032
2023-03-23 14:01:00-04:00,2325.159912109375,2325.969970703125,2325.159912109375,2325.969970703125,2325.969970703125,707
2023-03-23 14:02:00-04:00,2325.969970703125,2325.969970703125,2325.969970703125,2325.969970703125,2325.969970703125,559
2023-03-23 14:05:00-04:00,2326.429931640625,2326.760009765625,2325.3349609375,2325.52001953125,2325.52001953125,832
2023-03-23 14:10:00-04:00,2326.514892578125,2326.514892578125,2326.514892578125,2326.514892578125,2326.514892578125,121
2023-03-23 14:11:00-04:00,2326.389892578125,2326.389892578125,2326.389892578125,2326.389892578125,2326.389892578125,1044
2023-03-23 14:14:00-04:00,2328.030029296875,2328.030029296875,2328.030029296875,2328.030029296875,2328.030029296875,123
2023-03-23 14:16:00-04:00,2327.6201171875,2327.6201171875,2327.6201171875,2327.6201171875,2327.6201171875,107
2023-03-23 14:17:00-04:00,2327.844970703125,2327.844970703125,2327.844970703125,2327.844970703125,2327.844970703125,490
2023-03-23 14:21:00-04:00,2326.199951171875,2326.199951171875,2326.199951171875,2326.199951171875,2326.199951171875,184
2023-03-23 14:22:00-04:00,2326.179931640625,2326.179931640625,2325.47998046875,2325.47998046875,2325.47998046875,2245
2023-03-23 14:25:00-04:00,2325.0,2325.0,2325.0,2325.0,2325.0,195
2023-03-23 14:27:00-04:00,2325.0,2325.0,2325.0,2325.0,2325.0,562
2023-03-23 14:29:00-04:00,2323.97998046875,2323.97998046875,2323.97998046875,2323.97998046875,2323.97998046875,404
2023-03-23 14:32:00-04:00,2322.64501953125,2322.64501953125,2322.64501953125,2322.64501953125,2322.64501953125,753
2023-03-23 14:36:00-04:00,2323.2900390625,2323.2900390625,2323.2900390625,2323.2900390625,2323.2900390625,720
2023-03-23 14:38:00-04:00,2321.77001953125,2321.77001953125,2321.77001953125,2321.77001953125,2321.77001953125,112
2023-03-23 14:39:00-04:00,2322.7099609375,2322.7099609375,2322.050048828125,2322.050048828125,2322.050048828125,1193
2023-03-23 14:40:00-04:00,2321.0,2321.0,2317.47998046875,2317.47998046875,2317.47998046875,2273
2023-03-23 14:47:00-04:00,2311.889892578125,2311.889892578125,2311.8798828125,2311.8798828125,2311.8798828125,814
2023-03-23 14:48:00-04:00,2309.919921875,2309.919921875,2309.919921875,2309.919921875,2309.919921875,631
2023-03-23 14:51:00-04:00,2309.77001953125,2309.77001953125,2309.77001953125,2309.77001953125,2309.77001953125,644
2023-03-23 14:55:00-04:00,2308.219970703125,2308.219970703125,2308.219970703125,2308.219970703125,2308.219970703125,208
2023-03-23 14:56:00-04:00,2307.139892578125,2309.905029296875,2307.139892578125,2309.905029296875,2309.905029296875,828
2023-03-23 14:57:00-04:00,2310.610107421875,2310.610107421875,2310.610107421875,2310.610107421875,2310.610107421875,633
2023-03-23 14:59:00-04:00,2311.3798828125,2311.3798828125,2311.3798828125,2311.3798828125,2311.3798828125,1432
2023-03-23 15:00:00-04:00,2315.919921875,2319.080078125,2315.919921875,2319.080078125,2319.080078125,871
2023-03-23 15:02:00-04:00,2316.090087890625,2316.090087890625,2316.090087890625,2316.090087890625,2316.090087890625,764
2023-03-23 15:09:00-04:00,2313.705078125,2313.705078125,2313.705078125,2313.705078125,2313.705078125,1806
2023-03-23 15:20:00-04:00,2311.77001953125,2311.77001953125,2309.360107421875,2309.360107421875,2309.360107421875,912
2023-03-23 15:22:00-04:00,2309.699951171875,2310.199951171875,2309.699951171875,2310.199951171875,2310.199951171875,1689
2023-03-23 15:24:00-04:00,2314.739990234375,2314.739990234375,2314.739990234375,2314.739990234375,2314.739990234375,236
2023-03-23 15:27:00-04:00,2314.2900390625,2315.449951171875,2314.2900390625,2315.449951171875,2315.449951171875,1127
2023-03-23 15:30:00-04:00,2313.22998046875,2313.22998046875,2311.429931640625,2311.429931640625,2311.429931640625,2497
2023-03-23 15:38:00-04:00,2314.699951171875,2314.699951171875,2314.699951171875,2314.699951171875,2314.699951171875,161
2023-03-23 15:39:00-04:00,2314.780029296875,2314.780029296875,2314.780029296875,2314.780029296875,2314.780029296875,205
2023-03-23 15:40:00-04:00,2313.89990234375,2315.39990234375,2313.89990234375,2315.39990234375,2315.39990234375,2749
2023-03-23 15:41:00-04:00,2312.56494140625,2312.56494140625,2312.56494140625,2312.56494140625,2312.56494140625,101
2023-03-23 15:42:00-04:00,2314.840087890625,2315.969970703125,2313.89990234375,2315.969970703125,2315.969970703125,1362
2023-03-23 15:43:00-04:00,2315.590087890625,2315.590087890625,2315.590087890625,2315.590087890625,2315.590087890625,343
2023-03-23 15:44:00-04:00,2316.06005859375,2316.06005859375,2315.550048828125,2315.550048828125,2315.550048828125,298
2023-03-23 15:45:00-04:00,2316.97998046875,2316.97998046875,2316.97998046875,2316.97998046875,2316.97998046875,621
2023-03-23 15:48:00-04:00,2316.389892578125,2316.68994140625,2316.199951171875,2316.68994140625,2316.68994140625,1370
2023-03-23 15:50:00-04:00,2317.639892578125,2318.52001953125,2314.68505859375,2318.52001953125,2318.52001953125,2098
2023-03-23 15:51:00-04:00,2319.19091796875,2319.19091796875,2316.68505859375,2316.68505859375,2316.68505859375,1046
2023-03-23 15:52:00-04:00,2313.610107421875,2313.610107421875,2313.610107421875,2313.610107421875,2313.610107421875,990
2023-03-23 15:53:00-04:00,2312.06005859375,2312.06005859375,2312.06005859375,2312.06005859375,2312.06005859375,655
2023-03-23 15:55:00-04:00,2314.949951171875,2314.949951171875,2313.179931640625,2313.179931640625,2313.179931640625,4022
2023-03-23 15:57:00-04:00,2313.510009765625,2313.510009765625,2313.510009765625,2313.510009765625,2313.510009765625,1307
2023-03-23 15:58:00-04:00,2314.81005859375,2314.81005859375,2311.260009765625,2311.260009765625,2311.260009765625,3105
2023-03-23 15:59:00-04:00,2310.489990234375,2310.489990234375,2307.820068359375,2307.820068359375,2307.820068359375,5335
2023-03-24 09:30:00-04:00,2316.31005859375,2316.31005859375,2316.31005859375,2316.31005859375,2316.31005859375,1826
2023-03-24 09:37:00-04:00,2310.889892578125,2310.889892578125,2310.889892578125,2310.889892578125,2310.889892578125,267
2023-03-24 09:38:00-04:00,2307.75,2307.75,2307.75,2307.75,2307.75,171
2023-03-24 09:39:00-04:00,2301.449951171875,2301.449951171875,2301.449951171875,2301.449951171875,2301.449951171875,243
2023-03-24 09:40:00-04:00,2306.050048828125,2310.739990234375,2306.050048828125,2307.489990234375,2307.489990234375,1594
2023-03-24 09:42:00-04:00,2304.239990234375,2304.239990234375,2304.239990234375,2304.239990234375,2304.239990234375,670
2023-03-24 09:46:00-04:00,2311.679931640625,2311.679931640625,2311.679931640625,2311.679931640625,2311.679931640625,479
2023-03-24 09:47:00-04:00,2301.1201171875,2301.1201171875,2294.75,2300.169921875,2300.169921875,3705
2023-03-24 09:54:00-04:00,2302.169921875,2303.510009765625,2299.0400390625,2299.0400390625,2299.0400390625,1824
2023-03-24 10:01:00-04:00,2303.52001953125,2304.570068359375,2303.52001953125,2304.570068359375,2304.570068359375,634
2023-03-24 10:02:00-04:00,2304.614990234375,2304.614990234375,2304.614990234375,2304.614990234375,2304.614990234375,478
2023-03-24 10:03:00-04:00,2306.675048828125,2306.675048828125,2306.675048828125,2306.675048828125,2306.675048828125,466
2023-03-24 10:04:00-04:00,2307.0,2307.080078125,2303.89990234375,2303.89990234375,2303.89990234375,1682
2023-03-24 10:07:00-04:00,2308.25,2308.25,2308.25,2308.25,2308.25,630
2023-03-24 10:08:00-04:00,2311.10009765625,2311.10009765625,2311.10009765625,2311.10009765625,2311.10009765625,248
2023-03-24 10:09:00-04:00,2309.699951171875,2309.699951171875,2309.699951171875,2309.699951171875,2309.699951171875,281
2023-03-24 10:11:00-04:00,2309.0048828125,2310.860107421875,2309.0048828125,2310.860107421875,2310.860107421875,574
2023-03-24 10:12:00-04:00,2309.719970703125,2311.10009765625,2309.719970703125,2311.10009765625,2311.10009765625,636
2023-03-24 10:13:00-04:00,2311.10009765625,2312.25,2311.10009765625,2312.25,2312.25,1853
2023-03-24 10:14:00-04:00,2309.47998046875,2309.47998046875,2309.47998046875,2309.47998046875,2309.47998046875,1354
2023-03-24 10:19:00-04:00,2309.260009765625,2309.260009765625,2309.260009765625,2309.260009765625,2309.260009765625,858
2023-03-24 10:25:00-04:00,2309.97509765625,2309.97509765625,2309.97509765625,2309.97509765625,2309.97509765625,430
2023-03-24 10:26:00-04:00,2311.6201171875,2312.9599609375,2311.6201171875,2312.844970703125,2312.844970703125,1215
2023-03-24 10:27:00-04:00,2315.675048828125,2315.675048828125,2315.675048828125,2315.675048828125,2315.675048828125,572
2023-03-24 10:35:00-04:00,2317.31005859375,2317.31005859375,2315.10009765625,2315.10009765625,2315.10009765625,1641
2023-03-24 10:40:00-04:00,2313.2099609375,2313.2099609375,2313.2099609375,2313.2099609375,2313.2099609375,306
2023-03-24 10:41:00-04:00,2310.8349609375,2311.43994140625,2310.8349609375,2311.43994140625,2311.43994140625,877
2023-03-24 10:44:00-04:00,2310.75,2310.75,2310.75,2310.75,2310.75,421
2023-03-24 10:45:00-04:00,2310.969970703125,2311.60009765625,2310.969970703125,2311.60009765625,2311.60009765625,882
2023-03-24 10:47:00-04:00,2308.4599609375,2308.4599609375,2308.4599609375,2308.4599609375,2308.4599609375,751
2023-03-24 10:55:00-04:00,2306.6201171875,2306.6201171875,2306.6201171875,2306.6201171875,2306.6201171875,139
2023-03-24 10:57:00-04:00,2306.800048828125,2306.800048828125,2306.5,2306.5,2306.5,679
2023-03-24 10:58:00-04:00,2307.070068359375,2307.070068359375,2307.070068359375,2307.070068359375,2307.070068359375,132
2023-03-24 10:59:00-04:00,2305.080078125,2305.18994140625,2305.080078125,2305.18994140625,2305.18994140625,619
2023-03-24 11:04:00-04:00,2306.719970703125,2306.719970703125,2306.510009765625,2306.719970703125,2306.719970703125,1866
2023-03-24 11:06:00-04:00,2305.590087890625,2306.52001953125,2305.4599609375,2305.4599609375,2305.4599609375,1949
2023-03-24 11:10:00-04:00,2304.5,2306.8349609375,2304.5,2306.8349609375,2306.8349609375,1027
2023-03-24 11:11:00-04:00,2304.820068359375,2306.5,2304.820068359375,2306.5,2306.5,1326
2023-03-24 11:12:00-04:00,2308.219970703125,2309.97998046875,2308.219970703125,2309.97998046875,2309.97998046875,1080
2023-03-24 11:18:00-04:00,2310.760009765625,2310.760009765625,2310.760009765625,2310.760009765625,2310.760009765625,562
2023-03-24 11:20:00-04:00,2311.014892578125,2311.139892578125,2309.60009765625,2309.60009765625,2309.60009765625,1182
2023-03-24 11:21:00-04:00,2310.1298828125,2310.1298828125,2310.1298828125,2310.1298828125,2310.1298828125,1129
2023-03-24 11:27:00-04:00,2312.919921875,2312.919921875,2312.919921875,2312.919921875,2312.919921875,750
2023-03-24 11:28:00-04:00,2313.2900390625,2313.2900390625,2312.580078125,2312.580078125,2312.580078125,2179
2023-03-24 11:35:00-04:00,2313.465087890625,2313.465087890625,2313.465087890625,2313.465087890625,2313.465087890625,441
2023-03-24 11:40:00-04:00,2314.14990234375,2314.159912109375,2313.1298828125,2314.159912109375,2314.159912109375,1551
2023-03-24 11:45:00-04:00,2315.10498046875,2315.10498046875,2315.10498046875,2315.10498046875,2315.10498046875,714
2023-03-24 11:46:00-04:00,2316.780029296875,2318.050048828125,2316.780029296875,2317.56689453125,2317.56689453125,1837
2023-03-24 11:47:00-04:00,2318.14990234375,2318.14990234375,2318.14990234375,2318.14990234375,2318.14990234375,1177
2023-03-24 11:48:00-04:00,2316.300048828125,2316.300048828125,2316.2900390625,2316.2900390625,2316.2900390625,755
2023-03-24 11:56:00-04:00,2315.530029296875,2315.530029296875,2315.530029296875,2315.530029296875,2315.530029296875,607
2023-03-24 11:58:00-04:00,2316.294921875,2316.294921875,2316.294921875,2316.294921875,2316.294921875,1305
2023-03-24 12:01:00-04:00,2317.300048828125,2321.7099609375,2317.300048828125,2320.739990234375,2320.739990234375,2043
2023-03-24 12:04:00-04:00,2322.6650390625,2322.6650390625,2320.719970703125,2320.719970703125,2320.719970703125,4097
2023-03-24 12:05:00-04:00,2320.56494140625,2320.56494140625,2320.0,2320.0,2320.0,536
2023-03-24 12:06:00-04:00,2320.8701171875,2321.179931640625,2320.8701171875,2321.179931640625,2321.179931640625,386
2023-03-24 12:09:00-04:00,2323.10009765625,2323.10009765625,2320.544921875,2321.25,2321.25,1271
2023-03-24 12:16:00-04:00,2321.235107421875,2321.235107421875,2321.235107421875,2321.235107421875,2321.235107421875,2694
2023-03-24 12:41:00-04:00,2334.199951171875,2334.199951171875,2334.199951171875,2334.199951171875,2334.199951171875,651
2023-03-24 12:48:00-04:00,2334.85009765625,2334.85009765625,2334.85009765625,2334.85009765625,2334.85009765625,422
2023-03-24 12:49:00-04:00,2338.169921875,2338.2099609375,2338.14990234375,2338.2099609375,2338.2099609375,1342
2023-03-24 12:50:00-04:00,2336.10009765625,2336.10009765625,2336.10009765625,2336.10009765625,2336.10009765625,884
2023-03-24 12:52:00-04:00,2336.0,2336.0,2336.0,2336.0,2336.0,247
2023-03-24 12:54:00-04:00,2334.89990234375,2334.89990234375,2334.89990234375,2334.89990234375,2334.89990234375,599
2023-03-24 13:00:00-04:00,2335.52001953125,2335.52001953125,2335.52001953125,2335.52001953125,2335.52001953125,351
2023-03-24 13:02:00-04:00,2336.31494140625,2336.324951171875,2335.5400390625,2335.5400390625,2335.5400390625,1017
2023-03-24 13:04:00-04:00,2337.909912109375,2337.909912109375,2337.909912109375,2337.909912109375,2337.909912109375,1215
2023-03-24 13:05:00-04:00,2337.235107421875,2337.235107421875,2331.1201171875,2331.1201171875,2331.1201171875,3565
2023-03-24 13:06:00-04:00,2333.050048828125,2334.5400390625,2333.050048828125,2334.5400390625,2334.5400390625,1016
2023-03-24 13:08:00-04:00,2334.489990234375,2334.489990234375,2334.489990234375,2334.489990234375,2334.489990234375,247
2023-03-24 13:10:00-04:00,2335.8701171875,2338.52001953125,2335.8701171875,2338.52001953125,2338.52001953125,425
2023-03-24 13:13:00-04:00,2338.360107421875,2338.360107421875,2338.360107421875,2338.360107421875,2338.360107421875,561
2023-03-24 13:15:00-04:00,2335.175048828125,2335.175048828125,2335.175048828125,2335.175048828125,2335.175048828125,305
2023-03-24 13:16:00-04:00,2335.39501953125,2335.39501953125,2335.39501953125,2335.39501953125,2335.39501953125,321
2023-03-24 13:17:00-04:00,2333.28759765625,2333.28759765625,2333.28759765625,2333.28759765625,2333.28759765625,1472
2023-03-24 13:19:00-04:00,2336.06005859375,2336.06005859375,2333.25,2333.25,2333.25,1041
2023-03-24 13:22:00-04:00,2332.2041015625,2332.2041015625,2332.2041015625,2332.2041015625,2332.2041015625,433
2023-03-24 13:24:00-04:00,2332.5849609375,2332.5849609375,2332.5849609375,2332.5849609375,2332.5849609375,180
2023-03-24 13:25:00-04:00,2332.570068359375,2332.60498046875,2332.570068359375,2332.60498046875,2332.60498046875,371
2023-03-24 13:26:00-04:00,2334.25,2334.25,2334.25,2334.25,2334.25,309
2023-03-24 13:27:00-04:00,2332.68994140625,2334.64990234375,2332.64990234375,2332.64990234375,2332.64990234375,1087
2023-03-24 13:33:00-04:00,2330.875,2330.875,2330.875,2330.875,2330.875,809
2023-03-24 13:40:00-04:00,2330.905029296875,2330.905029296875,2330.905029296875,2330.905029296875,2330.905029296875,710
2023-03-24 13:41:00-04:00,2330.10009765625,2330.10009765625,2330.10009765625,2330.10009765625,2330.10009765625,926
2023-03-24 13:47:00-04:00,2330.320068359375,2330.320068359375,2328.60009765625,2328.60009765625,2328.60009765625,556
2023-03-24 13:48:00-04:00,2328.955078125,2328.955078125,2328.955078125,2328.955078125,2328.955078125,292
2023-03-24 13:49:00-04:00,2326.56005859375,2326.56005859375,2326.56005859375,2326.56005859375,2326.56005859375,592
2023-03-24 13:50:00-04:00,2324.25,2324.25,2324.25,2324.25,2324.25,791
2023-03-24 13:52:00-04:00,2321.449951171875,2321.449951171875,2321.449951171875,2321.449951171875,2321.449951171875,379
2023-03-24 13:53:00-04:00,2322.6201171875,2323.320068359375,2322.6201171875,2323.320068359375,2323.320068359375,579
2023-03-24 13:56:00-04:00,2321.43994140625,2321.43994140625,2321.43994140625,2321.43994140625,2321.43994140625,411
2023-03-24 13:58:00-04:00,2325.550048828125,2326.610107421875,2325.550048828125,2326.610107421875,2326.610107421875,2430
2023-03-24 14:05:00-04:00,2327.2900390625,2327.2900390625,2327.2900390625,2327.2900390625,2327.2900390625,338
2023-03-24 14:06:00-04:00,2327.27001953125,2327.27001953125,2327.27001953125,2327.27001953125,2327.27001953125,1139
2023-03-24 14:10:00-04:00,2329.10009765625,2329.10009765625,2327.97998046875,2327.97998046875,2327.97998046875,1265
2023-03-24 14:18:00-04:00,2328.389892578125,2328.389892578125,2328.389892578125,2328.389892578125,2328.389892578125,760
2023-03-24 14:19:00-04:00,2329.669921875,2329.669921875,2329.669921875,2329.669921875,2329.669921875,558
2023-03-24 14:20:00-04:00,2331.52001953125,2332.050048828125,2331.52001953125,2332.050048828125,2332.050048828125,531
2023-03-24 14:22:00-04:00,2332.3798828125,2332.3798828125,2330.02001953125,2330.02001953125,2330.02001953125,2237
2023-03-24 14:30:00-04:00,2329.760009765625,2329.760009765625,2329.760009765625,2329.760009765625,2329.760009765625,643
2023-03-24 14:34:00-04:00,2329.594970703125,2329.594970703125,2329.594970703125,2329.594970703125,2329.594970703125,647
2023-03-24 14:36:00-04:00,2333.080078125,2333.080078125,2333.080078125,2333.080078125,2333.080078125,681
2023-03-24 14:37:00-04:00,2331.389892578125,2331.389892578125,2331.389892578125,2331.389892578125,2331.389892578125,846
2023-03-24 14:43:00-04:00,2331.114990234375,2331.114990234375,2331.114990234375,2331.114990234375,2331.114990234375,1192
2023-03-24 14:52:00-04:00,2331.070068359375,2331.070068359375,2331.070068359375,2331.070068359375,2331.070068359375,459
2023-03-24 14:56:00-04:00,2331.6298828125,2331.6298828125,2331.6298828125,2331.6298828125,2331.6298828125,593
2023-03-24 14:58:00-04:00,2331.6298828125,2331.6298828125,2330.8798828125,2330.8798828125,2330.8798828125,1492
2023-03-24 15:00:00-04:00,2331.330078125,2331.330078125,2331.330078125,2331.330078125,2331.330078125,451
2023-03-24 15:02:00-04:00,2330.340087890625,2330.340087890625,2329.56005859375,2329.56005859375,2329.56005859375,1339
2023-03-24 15:07:00-04:00,2329.090087890625,2329.090087890625,2329.090087890625,2329.090087890625,2329.090087890625,1087
2023-03-24 15:08:00-04:00,2327.7900390625,2327.7900390625,2327.7900390625,2327.7900390625,2327.7900390625,311
2023-03-24 15:09:00-04:00,2326.679931640625,2327.219970703125,2326.679931640625,2327.219970703125,2327.219970703125,715
2023-03-24 15:10:00-04:00,2328.239990234375,2328.239990234375,2328.239990234375,2328.239990234375,2328.239990234375,992
2023-03-24 15:16:00-04:00,2329.2900390625,2329.72998046875,2329.2900390625,2329.72998046875,2329.72998046875,923
2023-03-24 15:17:00-04:00,2331.43994140625,2331.6201171875,2331.43994140625,2331.6201171875,2331.6201171875,796
2023-03-24 15:19:00-04:00,2332.280029296875,2332.280029296875,2332.280029296875,2332.280029296875,2332.280029296875,505
2023-03-24 15:20:00-04:00,2332.409912109375,2332.409912109375,2332.409912109375,2332.409912109375,2332.409912109375,2083
2023-03-24 15:23:00-04:00,2331.889892578125,2331.889892578125,2331.8798828125,2331.8798828125,2331.8798828125,465
2023-03-24 15:24:00-04:00,2331.449951171875,2331.449951171875,2331.449951171875,2331.449951171875,2331.449951171875,1261
2023-03-24 15:27:00-04:00,2331.419921875,2331.419921875,2331.419921875,2331.419921875,2331.419921875,724
2023-03-24 15:31:00-04:00,2332.68505859375,2332.68505859375,2332.68505859375,2332.68505859375,2332.68505859375,867
2023-03-24 15:35:00-04:00,2331.639892578125,2331.639892578125,2331.639892578125,2331.639892578125,2331.639892578125,1451
2023-03-24 15:40:00-04:00,2330.889892578125,2331.1298828125,2330.780029296875,2331.1298828125,2331.1298828125,3182
2023-03-24 15:46:00-04:00,2329.27490234375,2329.419921875,2329.27490234375,2329.419921875,2329.419921875,829
2023-03-24 15:48:00-04:00,2328.989990234375,2329.1201171875,2328.989990234375,2329.1201171875,2329.1201171875,647
2023-03-24 15:49:00-04:00,2327.570068359375,2327.570068359375,2327.570068359375,2327.570068359375,2327.570068359375,670
2023-03-24 15:51:00-04:00,2327.030029296875,2327.030029296875,2327.030029296875,2327.030029296875,2327.030029296875,662
2023-03-24 15:54:00-04:00,2324.679931640625,2324.679931640625,2324.679931640625,2324.679931640625,2324.679931640625,1028
2023-03-24 15:55:00-04:00,2324.89501953125,2324.89501953125,2324.449951171875,2324.449951171875,2324.449951171875,964
2023-03-24 15:56:00-04:00,2324.239990234375,2325.034912109375,2324.199951171875,2325.034912109375,2325.034912109375,2039
2023-03-24 15:57:00-04:00,2325.7099609375,2327.7900390625,2325.7099609375,2327.7900390625,2327.7900390625,1425
2023-03-24 15:59:00-04:00,2329.6298828125,2330.969970703125,2328.64990234375,2330.969970703125,2330.969970703125,4258
