Datetime,Open,High,Low,Close,Adj Close,Volume
2023-03-29 09:31:00-04:00,473.70001220703125,473.70001220703125,473.70001220703125,473.70001220703125,473.70001220703125,840
2023-03-29 09:34:00-04:00,474.32501220703125,474.3299865722656,474.32501220703125,474.3299865722656,474.3299865722656,1452
2023-03-29 09:37:00-04:00,476.2300109863281,476.82000732421875,476.2300109863281,476.82000732421875,476.82000732421875,268
2023-03-29 09:39:00-04:00,475.55999755859375,475.55999755859375,475.55999755859375,475.55999755859375,475.55999755859375,399
2023-03-29 09:45:00-04:00,477.54998779296875,477.54998779296875,477.54998779296875,477.54998779296875,477.54998779296875,730
2023-03-29 09:57:00-04:00,477.239990234375,477.239990234375,477.239990234375,477.239990234375,477.239990234375,143
2023-03-29 09:59:00-04:00,477.2300109863281,477.2300109863281,475.9200134277344,475.9200134277344,475.9200134277344,556
2023-03-29 10:00:00-04:00,475.93499755859375,475.93499755859375,475.93499755859375,475.93499755859375,475.93499755859375,237
2023-03-29 10:01:00-04:00,476.8500061035156,477.20001220703125,476.4800109863281,477.20001220703125,477.20001220703125,1212
2023-03-29 10:08:00-04:00,477.30999755859375,477.30999755859375,477.30999755859375,477.30999755859375,477.30999755859375,136
2023-03-29 10:09:00-04:00,476.6129150390625,477.3900146484375,476.32501220703125,476.32501220703125,476.32501220703125,1047
2023-03-29 10:11:00-04:00,477.19000244140625,477.19000244140625,476.2850036621094,476.2850036621094,476.2850036621094,347
2023-03-29 10:12:00-04:00,476.2799987792969,476.2799987792969,476.17999267578125,476.17999267578125,476.17999267578125,299
2023-03-29 10:14:00-04:00,476.82000732421875,476.82000732421875,475.2300109863281,475.2300109863281,475.2300109863281,312
2023-03-29 10:17:00-04:00,475.7250061035156,475.7250061035156,475.7250061035156,475.7250061035156,475.7250061035156,218
2023-03-29 10:22:00-04:00,474.875,474.9599914550781,474.5950012207031,474.9599914550781,474.9599914550781,993
2023-03-29 10:24:00-04:00,473.8500061035156,473.8500061035156,473.8500061035156,473.8500061035156,473.8500061035156,139
2023-03-29 10:28:00-04:00,474.2300109863281,474.2300109863281,474.2300109863281,474.2300109863281,474.2300109863281,269
2023-03-29 10:30:00-04:00,472.7850036621094,472.7850036621094,472.7850036621094,472.7850036621094,472.7850036621094,222
2023-03-29 10:33:00-04:00,473.2699890136719,473.2699890136719,473.2699890136719,473.2699890136719,473.2699890136719,533
2023-03-29 10:39:00-04:00,472.2900085449219,472.6700134277344,472.2900085449219,472.6700134277344,472.6700134277344,1472
2023-03-29 10:40:00-04:00,472.6300048828125,472.6300048828125,472.6300048828125,472.6300048828125,472.6300048828125,115
2023-03-29 10:41:00-04:00,472.6000061035156,472.6000061035156,472.6000061035156,472.6000061035156,472.6000061035156,105
2023-03-29 10:42:00-04:00,472.2349853515625,472.6400146484375,472.2349853515625,472.4649963378906,472.4649963378906,1372
2023-03-29 10:47:00-04:00,473.760009765625,473.760009765625,473.760009765625,473.760009765625,473.760009765625,290
2023-03-29 10:49:00-04:00,473.7250061035156,473.7250061035156,473.7250061035156,473.7250061035156,473.7250061035156,266
2023-03-29 10:55:00-04:00,473.3800048828125,473.3800048828125,473.3800048828125,473.3800048828125,473.3800048828125,168
2023-03-29 10:56:00-04:00,472.87750244140625,472.87750244140625,472.87750244140625,472.87750244140625,472.87750244140625,356
2023-03-29 10:59:00-04:00,472.8699951171875,472.8699951171875,472.8699951171875,472.8699951171875,472.8699951171875,326
2023-03-29 11:00:00-04:00,472.20001220703125,472.20001220703125,472.20001220703125,472.20001220703125,472.20001220703125,101
2023-03-29 11:01:00-04:00,472.0,472.0,471.7799987792969,471.7799987792969,471.7799987792969,1314
2023-03-29 11:04:00-04:00,471.3550109863281,471.3550109863281,471.32000732421875,471.32000732421875,471.32000732421875,356
2023-03-29 11:06:00-04:00,470.7799987792969,470.7799987792969,470.7799987792969,470.7799987792969,470.7799987792969,500
2023-03-29 11:10:00-04:00,469.5400085449219,469.5400085449219,469.5400085449219,469.5400085449219,469.5400085449219,127
2023-03-29 11:12:00-04:00,470.2699890136719,470.2699890136719,470.2699890136719,470.2699890136719,470.2699890136719,265
2023-03-29 11:17:00-04:00,469.5849914550781,469.5849914550781,469.5849914550781,469.5849914550781,469.5849914550781,542
2023-03-29 11:22:00-04:00,469.45001220703125,469.739990234375,469.3599853515625,469.42999267578125,469.42999267578125,2048
2023-03-29 11:28:00-04:00,470.7099914550781,471.1499938964844,470.7099914550781,471.1499938964844,471.1499938964844,2243
2023-03-29 11:29:00-04:00,471.20001220703125,471.20001220703125,471.20001220703125,471.20001220703125,471.20001220703125,339
2023-03-29 11:34:00-04:00,471.885009765625,471.885009765625,471.885009765625,471.885009765625,471.885009765625,136
2023-03-29 11:36:00-04:00,470.93341064453125,470.93341064453125,470.93341064453125,470.93341064453125,470.93341064453125,508
2023-03-29 11:46:00-04:00,470.9949951171875,470.9949951171875,470.9949951171875,470.9949951171875,470.9949951171875,223
2023-03-29 11:54:00-04:00,470.8800048828125,470.8800048828125,470.8800048828125,470.8800048828125,470.8800048828125,323
2023-03-29 11:58:00-04:00,471.30999755859375,471.45001220703125,470.94000244140625,470.94000244140625,470.94000244140625,427
2023-03-29 12:00:00-04:00,470.7349853515625,470.7349853515625,470.7349853515625,470.7349853515625,470.7349853515625,300
2023-03-29 12:04:00-04:00,470.70001220703125,470.70001220703125,470.70001220703125,470.70001220703125,470.70001220703125,811
2023-03-29 12:13:00-04:00,469.7550048828125,469.7550048828125,469.7550048828125,469.7550048828125,469.7550048828125,122
2023-03-29 12:14:00-04:00,469.760009765625,470.7300109863281,469.760009765625,470.7300109863281,470.7300109863281,387
2023-03-29 12:15:00-04:00,470.92999267578125,470.92999267578125,470.92999267578125,470.92999267578125,470.92999267578125,253
2023-03-29 12:20:00-04:00,470.260009765625,470.260009765625,470.260009765625,470.260009765625,470.260009765625,183
2023-03-29 12:25:00-04:00,470.1600036621094,470.1600036621094,470.1600036621094,470.1600036621094,470.1600036621094,122
2023-03-29 12:26:00-04:00,470.3450012207031,470.3450012207031,470.3450012207031,470.3450012207031,470.3450012207031,798
2023-03-29 12:28:00-04:00,469.6499938964844,469.6499938964844,469.6499938964844,469.6499938964844,469.6499938964844,273
2023-03-29 12:31:00-04:00,469.364990234375,469.364990234375,469.364990234375,469.364990234375,469.364990234375,636
2023-03-29 12:44:00-04:00,469.70001220703125,469.70001220703125,469.70001220703125,469.70001220703125,469.70001220703125,646
2023-03-29 12:53:00-04:00,470.29998779296875,470.29998779296875,470.29998779296875,470.29998779296875,470.29998779296875,100
2023-03-29 12:54:00-04:00,470.5400085449219,470.5400085449219,470.5400085449219,470.5400085449219,470.5400085449219,105
2023-03-29 12:56:00-04:00,469.6000061035156,469.6000061035156,469.6000061035156,469.6000061035156,469.6000061035156,256
2023-03-29 12:58:00-04:00,470.260009765625,470.260009765625,470.260009765625,470.260009765625,470.260009765625,588
2023-03-29 13:04:00-04:00,469.1700134277344,469.1700134277344,469.1700134277344,469.1700134277344,469.1700134277344,504
2023-03-29 13:13:00-04:00,469.5,469.5,469.1700134277344,469.1700134277344,469.1700134277344,565
2023-03-29 13:17:00-04:00,469.9200134277344,470.0799865722656,469.0899963378906,470.0799865722656,470.0799865722656,700
2023-03-29 13:20:00-04:00,468.989990234375,468.989990234375,468.989990234375,468.989990234375,468.989990234375,581
2023-03-29 13:32:00-04:00,469.385009765625,469.385009765625,469.385009765625,469.385009765625,469.385009765625,153
2023-03-29 13:33:00-04:00,469.82000732421875,469.8699951171875,469.82000732421875,469.8699951171875,469.8699951171875,732
2023-03-29 13:34:00-04:00,469.760009765625,469.760009765625,469.760009765625,469.760009765625,469.760009765625,109
2023-03-29 13:35:00-04:00,469.75,469.8699951171875,469.239990234375,469.385009765625,469.385009765625,1586
2023-03-29 13:39:00-04:00,469.5849914550781,469.5849914550781,469.5849914550781,469.5849914550781,469.5849914550781,762
2023-03-29 13:42:00-04:00,469.8999938964844,469.8999938964844,469.8999938964844,469.8999938964844,469.8999938964844,334
2023-03-29 13:45:00-04:00,469.9049987792969,469.9049987792969,469.9049987792969,469.9049987792969,469.9049987792969,279
2023-03-29 13:47:00-04:00,469.9049987792969,469.9049987792969,469.5299987792969,469.5299987792969,469.5299987792969,1533
2023-03-29 13:56:00-04:00,469.5,469.5,469.4949951171875,469.4949951171875,469.4949951171875,827
2023-03-29 13:59:00-04:00,470.1400146484375,470.1400146484375,470.1400146484375,470.1400146484375,470.1400146484375,428
2023-03-29 14:08:00-04:00,469.8800048828125,469.8800048828125,469.8800048828125,469.8800048828125,469.8800048828125,623
2023-03-29 14:09:00-04:00,470.55999755859375,473.32000732421875,470.55999755859375,472.6400146484375,472.6400146484375,1738
2023-03-29 14:12:00-04:00,472.20001220703125,472.20001220703125,472.20001220703125,472.20001220703125,472.20001220703125,699
2023-03-29 14:17:00-04:00,471.45001220703125,471.9949951171875,471.42999267578125,471.42999267578125,471.42999267578125,970
2023-03-29 14:18:00-04:00,471.8699951171875,471.8699951171875,471.8699951171875,471.8699951171875,471.8699951171875,113
2023-03-29 14:19:00-04:00,471.8699951171875,471.8699951171875,471.8699951171875,471.8699951171875,471.8699951171875,502
2023-03-29 14:25:00-04:00,471.8550109863281,471.8550109863281,471.8550109863281,471.8550109863281,471.8550109863281,177
2023-03-29 14:26:00-04:00,472.19000244140625,472.19000244140625,472.19000244140625,472.19000244140625,472.19000244140625,234
2023-03-29 14:33:00-04:00,472.2200012207031,472.67999267578125,472.2200012207031,472.67999267578125,472.67999267578125,1890
2023-03-29 14:44:00-04:00,472.94000244140625,472.94000244140625,472.94000244140625,472.94000244140625,472.94000244140625,156
2023-03-29 14:47:00-04:00,473.3999938964844,473.3999938964844,473.3999938964844,473.3999938964844,473.3999938964844,874
2023-03-29 14:54:00-04:00,472.989990234375,472.989990234375,472.989990234375,472.989990234375,472.989990234375,462
2023-03-29 14:58:00-04:00,473.04998779296875,473.04998779296875,473.04998779296875,473.04998779296875,473.04998779296875,904
2023-03-29 15:05:00-04:00,473.2200012207031,473.2200012207031,472.4100036621094,472.7825012207031,472.7825012207031,1669
2023-03-29 15:16:00-04:00,472.43499755859375,472.95001220703125,472.43499755859375,472.95001220703125,472.95001220703125,689
2023-03-29 15:18:00-04:00,473.22711181640625,473.22711181640625,473.22711181640625,473.22711181640625,473.22711181640625,304
2023-03-29 15:24:00-04:00,472.9700012207031,472.9700012207031,472.9700012207031,472.9700012207031,472.9700012207031,155
2023-03-29 15:26:00-04:00,472.57000732421875,472.57000732421875,472.57000732421875,472.57000732421875,472.57000732421875,209
2023-03-29 15:27:00-04:00,472.5,472.54998779296875,472.5,472.54998779296875,472.54998779296875,932
2023-03-29 15:30:00-04:00,472.3599853515625,472.3599853515625,472.3599853515625,472.3599853515625,472.3599853515625,850
2023-03-29 15:34:00-04:00,473.0675048828125,473.0675048828125,472.0199890136719,472.0199890136719,472.0199890136719,2564
2023-03-29 15:37:00-04:00,471.0050048828125,471.4700012207031,471.0050048828125,471.4700012207031,471.4700012207031,784
2023-03-29 15:44:00-04:00,472.07000732421875,472.29998779296875,472.07000732421875,472.29998779296875,472.29998779296875,507
2023-03-29 15:46:00-04:00,472.30999755859375,472.30999755859375,472.30999755859375,472.30999755859375,472.30999755859375,386
2023-03-29 15:48:00-04:00,471.9612121582031,472.70001220703125,471.9612121582031,472.70001220703125,472.70001220703125,527
2023-03-29 15:50:00-04:00,472.6575012207031,473.0050048828125,472.6099853515625,472.6099853515625,472.6099853515625,1797
2023-03-29 15:51:00-04:00,472.1099853515625,472.1099853515625,472.1099853515625,472.1099853515625,472.1099853515625,990
2023-03-29 15:52:00-04:00,472.42999267578125,473.0199890136719,472.42999267578125,473.0199890136719,473.0199890136719,1262
2023-03-29 15:54:00-04:00,472.3500061035156,472.3500061035156,472.3299865722656,472.3299865722656,472.3299865722656,1478
2023-03-29 15:55:00-04:00,472.3949890136719,472.4549865722656,471.8299865722656,471.8299865722656,471.8299865722656,1860
2023-03-29 15:56:00-04:00,471.8900146484375,471.8900146484375,471.4800109863281,471.4800109863281,471.4800109863281,951
2023-03-29 15:57:00-04:00,471.0299987792969,471.0299987792969,471.0299987792969,471.0299987792969,471.0299987792969,702
2023-03-29 15:58:00-04:00,471.25,471.75,471.2300109863281,471.75,471.75,1457
2023-03-29 15:59:00-04:00,471.67999267578125,472.1700134277344,471.1199951171875,471.1199951171875,471.1199951171875,3434
2023-03-30 09:30:00-04:00,477.5299987792969,477.5299987792969,477.5299987792969,477.5299987792969,477.5299987792969,779
2023-03-30 09:37:00-04:00,475.0400085449219,475.0400085449219,475.0400085449219,475.0400085449219,475.0400085449219,443
2023-03-30 09:40:00-04:00,477.1000061035156,477.1000061035156,477.0950012207031,477.0950012207031,477.0950012207031,1004
2023-03-30 09:48:00-04:00,478.6000061035156,480.739990234375,478.6000061035156,480.739990234375,480.739990234375,1472
2023-03-30 09:49:00-04:00,478.8699951171875,478.8699951171875,478.25,478.25,478.25,874
2023-03-30 09:52:00-04:00,478.57501220703125,478.57501220703125,478.57501220703125,478.57501220703125,478.57501220703125,743
2023-03-30 10:08:00-04:00,476.8599853515625,476.8599853515625,476.1600036621094,476.1600036621094,476.1600036621094,1385
2023-03-30 10:15:00-04:00,474.8949890136719,474.8949890136719,474.8949890136719,474.8949890136719,474.8949890136719,517
2023-03-30 10:17:00-04:00,475.54998779296875,475.54998779296875,475.54998779296875,475.54998779296875,475.54998779296875,484
2023-03-30 10:22:00-04:00,474.80999755859375,475.4200134277344,474.67999267578125,475.4200134277344,475.4200134277344,2080
2023-03-30 10:25:00-04:00,474.6400146484375,474.75,474.6400146484375,474.75,474.75,254
2023-03-30 10:26:00-04:00,474.7799987792969,475.32000732421875,474.7799987792969,475.32000732421875,475.32000732421875,1817
2023-03-30 10:37:00-04:00,474.6600036621094,474.6600036621094,474.6600036621094,474.6600036621094,474.6600036621094,741
2023-03-30 10:51:00-04:00,475.0299987792969,475.0299987792969,475.0299987792969,475.0299987792969,475.0299987792969,244
2023-03-30 10:52:00-04:00,475.6099853515625,475.8500061035156,475.6099853515625,475.80999755859375,475.80999755859375,1560
2023-03-30 10:56:00-04:00,474.3450012207031,474.3450012207031,474.3450012207031,474.3450012207031,474.3450012207031,673
2023-03-30 11:02:00-04:00,473.760009765625,473.760009765625,473.760009765625,473.760009765625,473.760009765625,109
2023-03-30 11:04:00-04:00,473.80999755859375,473.80999755859375,473.80999755859375,473.80999755859375,473.80999755859375,249
2023-03-30 11:07:00-04:00,474.29998779296875,474.29998779296875,474.29998779296875,474.29998779296875,474.29998779296875,589
2023-03-30 11:17:00-04:00,473.4599914550781,473.4599914550781,473.4599914550781,473.4599914550781,473.4599914550781,188
2023-03-30 11:19:00-04:00,471.8800048828125,471.8800048828125,471.8800048828125,471.8800048828125,471.8800048828125,520
2023-03-30 11:28:00-04:00,471.07000732421875,471.07000732421875,471.07000732421875,471.07000732421875,471.07000732421875,752
2023-03-30 11:34:00-04:00,470.7250061035156,470.7250061035156,470.7250061035156,470.7250061035156,470.7250061035156,377
2023-03-30 11:36:00-04:00,470.5400085449219,470.5400085449219,470.5400085449219,470.5400085449219,470.5400085449219,154
2023-03-30 11:37:00-04:00,471.510009765625,471.510009765625,471.510009765625,471.510009765625,471.510009765625,127
2023-03-30 11:39:00-04:00,470.5799865722656,470.5849914550781,470.5799865722656,470.5849914550781,470.5849914550781,340
2023-03-30 11:41:00-04:00,470.6050109863281,470.6050109863281,470.6050109863281,470.6050109863281,470.6050109863281,371
2023-03-30 11:42:00-04:00,471.6600036621094,471.6600036621094,471.6600036621094,471.6600036621094,471.6600036621094,421
2023-03-30 11:43:00-04:00,471.6099853515625,471.8299865722656,471.25,471.3500061035156,471.3500061035156,2592
2023-03-30 11:45:00-04:00,470.9200134277344,471.30999755859375,470.5799865722656,470.5799865722656,470.5799865722656,1018
2023-03-30 11:48:00-04:00,469.57501220703125,469.57501220703125,468.79998779296875,468.79998779296875,468.79998779296875,1790
2023-03-30 12:01:00-04:00,470.0950012207031,470.0950012207031,470.0950012207031,470.0950012207031,470.0950012207031,244
2023-03-30 12:09:00-04:00,470.8900146484375,470.8900146484375,470.0199890136719,470.0199890136719,470.0199890136719,502
2023-03-30 12:12:00-04:00,470.7900085449219,470.9700012207031,470.7900085449219,470.9700012207031,470.9700012207031,883
2023-03-30 12:13:00-04:00,471.3999938964844,471.3999938964844,471.3999938964844,471.3999938964844,471.3999938964844,240
2023-03-30 12:14:00-04:00,471.1199951171875,471.5299987792969,470.79998779296875,471.5299987792969,471.5299987792969,2833
2023-03-30 12:15:00-04:00,471.7300109863281,471.7300109863281,470.80999755859375,470.80999755859375,470.80999755859375,319
2023-03-30 12:17:00-04:00,470.67999267578125,471.54998779296875,470.5799865722656,471.4200134277344,471.4200134277344,2684
2023-03-30 12:18:00-04:00,471.20001220703125,471.8900146484375,471.20001220703125,471.8500061035156,471.8500061035156,4290
2023-03-30 12:19:00-04:00,472.25,472.25,471.6700134277344,471.80999755859375,471.80999755859375,2383
2023-03-30 12:20:00-04:00,472.2699890136719,472.2699890136719,472.2699890136719,472.2699890136719,472.2699890136719,542
2023-03-30 12:24:00-04:00,472.45001220703125,472.45001220703125,472.45001220703125,472.45001220703125,472.45001220703125,173
2023-03-30 12:26:00-04:00,473.1000061035156,473.1000061035156,473.1000061035156,473.1000061035156,473.1000061035156,696
2023-03-30 12:37:00-04:00,472.0400085449219,472.4024963378906,471.94000244140625,471.94000244140625,471.94000244140625,1084
2023-03-30 12:48:00-04:00,471.8999938964844,471.8999938964844,471.8999938964844,471.8999938964844,471.8999938964844,185
2023-03-30 12:56:00-04:00,472.1600036621094,472.1600036621094,472.1600036621094,472.1600036621094,472.1600036621094,220
2023-03-30 12:59:00-04:00,471.8500061035156,472.07000732421875,471.8500061035156,472.07000732421875,472.07000732421875,717
2023-03-30 13:12:00-04:00,472.0,472.0,472.0,472.0,472.0,183
2023-03-30 13:15:00-04:00,471.1199951171875,471.1199951171875,471.1199951171875,471.1199951171875,471.1199951171875,203
2023-03-30 13:18:00-04:00,470.4599914550781,470.4599914550781,470.4599914550781,470.4599914550781,470.4599914550781,557
2023-03-30 13:20:00-04:00,471.739990234375,471.739990234375,471.739990234375,471.739990234375,471.739990234375,143
2023-03-30 13:21:00-04:00,471.05499267578125,471.05499267578125,471.05499267578125,471.05499267578125,471.05499267578125,190
2023-03-30 13:23:00-04:00,470.4100036621094,470.4100036621094,470.4100036621094,470.4100036621094,470.4100036621094,248
2023-03-30 13:24:00-04:00,470.2900085449219,470.8599853515625,469.6600036621094,470.80999755859375,470.80999755859375,3570
2023-03-30 13:36:00-04:00,470.5450134277344,470.5450134277344,470.5450134277344,470.5450134277344,470.5450134277344,599
2023-03-30 13:38:00-04:00,470.489990234375,470.6499938964844,470.489990234375,470.5799865722656,470.5799865722656,1635
2023-03-30 13:39:00-04:00,470.6300048828125,470.6300048828125,470.6300048828125,470.6300048828125,470.6300048828125,548
2023-03-30 13:41:00-04:00,471.3399963378906,471.3399963378906,471.3399963378906,471.3399963378906,471.3399963378906,619
2023-03-30 13:45:00-04:00,470.0299987792969,470.0299987792969,470.0299987792969,470.0299987792969,470.0299987792969,480
2023-03-30 13:48:00-04:00,470.4800109863281,470.4800109863281,470.4800109863281,470.4800109863281,470.4800109863281,328
2023-03-30 13:50:00-04:00,470.54998779296875,470.54998779296875,470.54998779296875,470.54998779296875,470.54998779296875,384
2023-03-30 13:52:00-04:00,471.1000061035156,471.3699951171875,471.1000061035156,471.3699951171875,471.3699951171875,218
2023-03-30 13:53:00-04:00,470.739990234375,470.739990234375,470.739990234375,470.739990234375,470.739990234375,695
2023-03-30 13:56:00-04:00,470.8699951171875,470.8699951171875,470.8699951171875,470.8699951171875,470.8699951171875,361
2023-03-30 14:00:00-04:00,471.1700134277344,471.1700134277344,471.1700134277344,471.1700134277344,471.1700134277344,392
2023-03-30 14:01:00-04:00,471.30999755859375,471.30999755859375,471.30999755859375,471.30999755859375,471.30999755859375,449
2023-03-30 14:04:00-04:00,471.6300048828125,471.6300048828125,471.6300048828125,471.6300048828125,471.6300048828125,369
2023-03-30 14:05:00-04:00,471.8299865722656,471.8299865722656,471.80499267578125,471.80499267578125,471.80499267578125,282
2023-03-30 14:06:00-04:00,471.79998779296875,472.6300048828125,471.79998779296875,472.5799865722656,472.5799865722656,562
2023-03-30 14:07:00-04:00,471.7200927734375,471.7200927734375,471.7200927734375,471.7200927734375,471.7200927734375,184
2023-03-30 14:11:00-04:00,472.9049987792969,473.20001220703125,472.6499938964844,473.20001220703125,473.20001220703125,1246
2023-03-30 14:20:00-04:00,473.07000732421875,473.07000732421875,473.07000732421875,473.07000732421875,473.07000732421875,248
2023-03-30 14:23:00-04:00,472.6600036621094,472.6600036621094,472.4949951171875,472.6199951171875,472.6199951171875,1609
2023-03-30 14:27:00-04:00,472.67999267578125,472.739990234375,472.0050048828125,472.739990234375,472.739990234375,2064
2023-03-30 14:29:00-04:00,472.0199890136719,472.0199890136719,471.9800109863281,471.9800109863281,471.9800109863281,428
2023-03-30 14:31:00-04:00,472.3800048828125,472.3800048828125,472.3800048828125,472.3800048828125,472.3800048828125,326
2023-03-30 14:38:00-04:00,472.0799865722656,472.3699951171875,472.010009765625,472.010009765625,472.010009765625,1399
2023-03-30 14:39:00-04:00,471.45001220703125,471.45001220703125,471.45001220703125,471.45001220703125,471.45001220703125,416
2023-03-30 14:44:00-04:00,472.2799987792969,472.57000732421875,471.739990234375,472.57000732421875,472.57000732421875,1649
2023-03-30 14:52:00-04:00,472.6499938964844,472.79998779296875,472.239990234375,472.760009765625,472.760009765625,2960
2023-03-30 15:04:00-04:00,473.17999267578125,473.5899963378906,473.17999267578125,473.5899963378906,473.5899963378906,1515
2023-03-30 15:06:00-04:00,473.0799865722656,473.3999938964844,473.0799865722656,473.3999938964844,473.3999938964844,1311
2023-03-30 15:10:00-04:00,473.5299987792969,474.375,473.3299865722656,474.375,474.375,1731
2023-03-30 15:14:00-04:00,473.82000732421875,473.82000732421875,473.82000732421875,473.82000732421875,473.82000732421875,115
2023-03-30 15:15:00-04:00,473.5299987792969,473.5299987792969,473.5299987792969,473.5299987792969,473.5299987792969,475
2023-03-30 15:21:00-04:00,473.5799865722656,473.5799865722656,473.5199890136719,473.5199890136719,473.5199890136719,1595
2023-03-30 15:30:00-04:00,473.17498779296875,473.6000061035156,473.17498779296875,473.4700012207031,473.4700012207031,1032
2023-03-30 15:32:00-04:00,473.6600036621094,473.6600036621094,473.6600036621094,473.6600036621094,473.6600036621094,562
2023-03-30 15:34:00-04:00,473.80999755859375,474.2099914550781,473.6499938964844,474.1400146484375,474.1400146484375,2075
2023-03-30 15:38:00-04:00,474.1499938964844,474.1499938964844,473.9200134277344,473.92999267578125,473.92999267578125,521
2023-03-30 15:40:00-04:00,473.93499755859375,473.94500732421875,473.9049987792969,473.9049987792969,473.9049987792969,783
2023-03-30 15:42:00-04:00,473.54998779296875,473.8374938964844,473.54998779296875,473.80999755859375,473.80999755859375,1166
2023-03-30 15:43:00-04:00,473.95001220703125,473.95001220703125,473.95001220703125,473.95001220703125,473.95001220703125,178
2023-03-30 15:44:00-04:00,473.44000244140625,473.55999755859375,473.0799865722656,473.55999755859375,473.55999755859375,1259
2023-03-30 15:45:00-04:00,473.1199951171875,473.1199951171875,473.1199951171875,473.1199951171875,473.1199951171875,112
2023-03-30 15:47:00-04:00,473.18499755859375,473.18499755859375,473.17999267578125,473.17999267578125,473.17999267578125,662
2023-03-30 15:48:00-04:00,473.0799865722656,473.44000244140625,473.04998779296875,473.1300048828125,473.1300048828125,690
2023-03-30 15:50:00-04:00,473.1600036621094,473.2799987792969,473.1600036621094,473.2799987792969,473.2799987792969,869
2023-03-30 15:51:00-04:00,473.17999267578125,473.17999267578125,473.17999267578125,473.17999267578125,473.17999267578125,401
2023-03-30 15:52:00-04:00,473.17999267578125,473.17999267578125,473.1650085449219,473.1650085449219,473.1650085449219,233
2023-03-30 15:53:00-04:00,472.67999267578125,472.67999267578125,472.67999267578125,472.67999267578125,472.67999267578125,649
2023-03-30 15:54:00-04:00,472.4200134277344,472.4200134277344,471.989990234375,471.989990234375,471.989990234375,1703
2023-03-30 15:55:00-04:00,472.20001220703125,472.45001220703125,472.20001220703125,472.20001220703125,472.20001220703125,708
2023-03-30 15:56:00-04:00,471.989990234375,472.20001220703125,471.95001220703125,472.05999755859375,472.05999755859375,1348
2023-03-30 15:57:00-04:00,472.4100036621094,472.45001220703125,471.7699890136719,472.32501220703125,472.32501220703125,2566
2023-03-30 15:58:00-04:00,472.17498779296875,472.20001220703125,471.9599914550781,472.0299987792969,472.0299987792969,1782
2023-03-30 15:59:00-04:00,472.0899963378906,472.4649963378906,471.760009765625,471.7799987792969,471.7799987792969,6128
2023-03-31 09:32:00-04:00,471.7799987792969,471.7799987792969,469.9049987792969,469.9049987792969,469.9049987792969,2399
2023-03-31 09:34:00-04:00,469.7049865722656,469.7049865722656,469.7049865722656,469.7049865722656,469.7049865722656,152
2023-03-31 09:41:00-04:00,472.2200012207031,472.2200012207031,472.2200012207031,472.2200012207031,472.2200012207031,727
2023-03-31 09:51:00-04:00,474.94000244140625,474.94000244140625,474.0400085449219,474.0400085449219,474.0400085449219,249
2023-03-31 09:53:00-04:00,474.67498779296875,474.67498779296875,474.67498779296875,474.67498779296875,474.67498779296875,102
2023-03-31 09:54:00-04:00,473.5799865722656,474.7550048828125,473.5799865722656,474.7550048828125,474.7550048828125,264
2023-03-31 09:55:00-04:00,475.30499267578125,475.30499267578125,475.2799987792969,475.2799987792969,475.2799987792969,336
2023-03-31 09:56:00-04:00,474.8800048828125,475.3900146484375,474.8800048828125,475.3900146484375,475.3900146484375,317
2023-03-31 09:57:00-04:00,475.4100036621094,475.4100036621094,475.4100036621094,475.4100036621094,475.4100036621094,105
2023-03-31 09:58:00-04:00,475.3900146484375,475.3900146484375,475.3900146484375,475.3900146484375,475.3900146484375,211
2023-03-31 09:59:00-04:00,475.3900146484375,475.3900146484375,475.3900146484375,475.3900146484375,475.3900146484375,469
2023-03-31 10:01:00-04:00,474.0,474.82000732421875,473.3399963378906,473.8399963378906,473.8399963378906,1996
2023-03-31 10:05:00-04:00,472.7799987792969,473.44000244140625,472.7799987792969,473.44000244140625,473.44000244140625,1131
2023-03-31 10:08:00-04:00,474.44000244140625,474.44000244140625,474.44000244140625,474.44000244140625,474.44000244140625,263
2023-03-31 10:18:00-04:00,473.3699951171875,473.3699951171875,473.3699951171875,473.3699951171875,473.3699951171875,302
2023-03-31 10:19:00-04:00,473.3699951171875,473.3699951171875,473.3699951171875,473.3699951171875,473.3699951171875,475
2023-03-31 10:21:00-04:00,473.3699951171875,473.3699951171875,473.3699951171875,473.3699951171875,473.3699951171875,137
2023-03-31 10:23:00-04:00,475.0,475.0,475.0,475.0,475.0,102
2023-03-31 10:24:00-04:00,474.04998779296875,474.04998779296875,474.04998779296875,474.04998779296875,474.04998779296875,175
2023-03-31 10:25:00-04:00,474.79998779296875,474.94500732421875,474.7200012207031,474.94500732421875,474.94500732421875,433
2023-03-31 10:26:00-04:00,473.6199951171875,473.6199951171875,473.6199951171875,473.6199951171875,473.6199951171875,237
2023-03-31 10:27:00-04:00,474.0199890136719,474.17999267578125,473.1300048828125,473.9700012207031,473.9700012207031,2757
2023-03-31 10:28:00-04:00,473.95001220703125,473.95001220703125,473.95001220703125,473.95001220703125,473.95001220703125,320
2023-03-31 10:29:00-04:00,472.9649963378906,473.5799865722656,472.32000732421875,472.3399963378906,472.3399963378906,2329
2023-03-31 10:30:00-04:00,472.05999755859375,472.05999755859375,472.0199890136719,472.0299987792969,472.0299987792969,1603
2023-03-31 10:33:00-04:00,473.8800048828125,474.1300048828125,473.8800048828125,474.1300048828125,474.1300048828125,1516
2023-03-31 10:37:00-04:00,473.6499938964844,473.6499938964844,473.6499938964844,473.6499938964844,473.6499938964844,119
2023-03-31 10:38:00-04:00,473.79998779296875,474.2250061035156,471.1499938964844,471.1499938964844,471.1499938964844,1924
2023-03-31 10:47:00-04:00,474.2950134277344,474.2950134277344,473.989990234375,473.989990234375,473.989990234375,712
2023-03-31 10:48:00-04:00,473.80999755859375,473.80999755859375,473.80999755859375,473.80999755859375,473.80999755859375,358
2023-03-31 10:51:00-04:00,473.0,473.0,473.0,473.0,473.0,241
2023-03-31 10:55:00-04:00,475.125,475.125,475.125,475.125,475.125,624
2023-03-31 11:01:00-04:00,475.82501220703125,475.82501220703125,475.82501220703125,475.82501220703125,475.82501220703125,231
2023-03-31 11:03:00-04:00,474.45001220703125,475.54998779296875,474.45001220703125,474.4700012207031,474.4700012207031,519
2023-03-31 11:04:00-04:00,474.0,474.0,474.0,474.0,474.0,483
2023-03-31 11:12:00-04:00,474.45001220703125,474.45001220703125,474.45001220703125,474.45001220703125,474.45001220703125,105
2023-03-31 11:13:00-04:00,474.45001220703125,476.0,474.45001220703125,475.6300048828125,475.6300048828125,1303
2023-03-31 11:15:00-04:00,474.864990234375,474.864990234375,474.864990234375,474.864990234375,474.864990234375,400
2023-03-31 11:23:00-04:00,475.5299987792969,475.6474914550781,475.45001220703125,475.6474914550781,475.6474914550781,1347
2023-03-31 11:31:00-04:00,473.80499267578125,473.989990234375,473.80499267578125,473.989990234375,473.989990234375,368
2023-03-31 11:32:00-04:00,474.489990234375,474.489990234375,474.489990234375,474.489990234375,474.489990234375,208
2023-03-31 11:34:00-04:00,474.3999938964844,474.3999938964844,474.3999938964844,474.3999938964844,474.3999938964844,397
2023-03-31 11:38:00-04:00,474.3999938964844,474.3999938964844,474.3999938964844,474.3999938964844,474.3999938964844,158
2023-03-31 11:39:00-04:00,474.3999938964844,475.76849365234375,474.3999938964844,475.76849365234375,475.76849365234375,1950
2023-03-31 11:44:00-04:00,475.45001220703125,475.45001220703125,475.45001220703125,475.45001220703125,475.45001220703125,640
2023-03-31 11:49:00-04:00,474.8500061035156,474.8500061035156,474.2099914550781,474.2099914550781,474.2099914550781,391
2023-03-31 11:51:00-04:00,474.92999267578125,475.0,474.92999267578125,475.0,475.0,938
2023-03-31 11:52:00-04:00,475.7300109863281,475.7300109863281,475.7300109863281,475.7300109863281,475.7300109863281,612
2023-03-31 11:59:00-04:00,475.447509765625,475.447509765625,475.447509765625,475.447509765625,475.447509765625,161
2023-03-31 12:02:00-04:00,476.05999755859375,476.1099853515625,475.70001220703125,475.92999267578125,475.92999267578125,1433
2023-03-31 12:06:00-04:00,475.2250061035156,475.2250061035156,475.2250061035156,475.2250061035156,475.2250061035156,128
2023-03-31 12:07:00-04:00,475.1000061035156,475.3299865722656,475.1000061035156,475.3299865722656,475.3299865722656,794
2023-03-31 12:13:00-04:00,475.5849914550781,475.5849914550781,475.5849914550781,475.5849914550781,475.5849914550781,190
2023-03-31 12:15:00-04:00,475.95001220703125,475.95001220703125,475.95001220703125,475.95001220703125,475.95001220703125,120
2023-03-31 12:16:00-04:00,475.86248779296875,475.86248779296875,475.55999755859375,475.55999755859375,475.55999755859375,1411
2023-03-31 12:20:00-04:00,475.2850036621094,475.2850036621094,475.2850036621094,475.2850036621094,475.2850036621094,511
2023-03-31 12:29:00-04:00,474.8399963378906,475.25,474.8399963378906,475.20001220703125,475.20001220703125,787
2023-03-31 12:30:00-04:00,475.7200012207031,475.760009765625,475.7200012207031,475.760009765625,475.760009765625,458
2023-03-31 12:37:00-04:00,474.6000061035156,475.1700134277344,474.45001220703125,474.45001220703125,474.45001220703125,1202
2023-03-31 12:38:00-04:00,474.3900146484375,474.3900146484375,474.3900146484375,474.3900146484375,474.3900146484375,248
2023-03-31 12:45:00-04:00,474.3599853515625,474.3599853515625,474.3599853515625,474.3599853515625,474.3599853515625,367
2023-03-31 12:50:00-04:00,474.5,474.8599853515625,474.5,474.8599853515625,474.8599853515625,281
2023-03-31 12:52:00-04:00,474.760009765625,474.760009765625,474.760009765625,474.760009765625,474.760009765625,151
2023-03-31 12:53:00-04:00,474.260009765625,474.5,474.260009765625,474.5,474.5,501
2023-03-31 12:55:00-04:00,474.0799865722656,474.0799865722656,474.0799865722656,474.0799865722656,474.0799865722656,149
2023-03-31 12:56:00-04:00,474.18719482421875,474.2300109863281,474.18719482421875,474.2300109863281,474.2300109863281,1079
2023-03-31 13:00:00-04:00,474.9599914550781,474.9599914550781,474.9599914550781,474.9599914550781,474.9599914550781,166
2023-03-31 13:03:00-04:00,474.9949951171875,474.9949951171875,474.9949951171875,474.9949951171875,474.9949951171875,127
2023-03-31 13:04:00-04:00,475.0299987792969,475.0299987792969,475.0299987792969,475.0299987792969,475.0299987792969,100
2023-03-31 13:05:00-04:00,474.1700134277344,475.0,474.1700134277344,474.9200134277344,474.9200134277344,1049
2023-03-31 13:07:00-04:00,474.17999267578125,474.2799987792969,473.8550109863281,474.2799987792969,474.2799987792969,1557
2023-03-31 13:10:00-04:00,474.4200134277344,474.4200134277344,474.4200134277344,474.4200134277344,474.4200134277344,102
2023-03-31 13:11:00-04:00,474.5,474.5,474.5,474.5,474.5,248
2023-03-31 13:13:00-04:00,473.6600036621094,473.6600036621094,473.6600036621094,473.6600036621094,473.6600036621094,220
2023-03-31 13:18:00-04:00,474.4200134277344,474.4200134277344,474.4200134277344,474.4200134277344,474.4200134277344,140
2023-03-31 13:20:00-04:00,473.7099914550781,474.5,473.7099914550781,474.5,474.5,266
2023-03-31 13:25:00-04:00,474.3399963378906,474.3399963378906,474.3399963378906,474.3399963378906,474.3399963378906,319
2023-03-31 13:26:00-04:00,474.2950134277344,474.5,474.2950134277344,474.5,474.5,302
2023-03-31 13:27:00-04:00,473.8900146484375,473.8900146484375,473.8900146484375,473.8900146484375,473.8900146484375,238
2023-03-31 13:31:00-04:00,474.4049987792969,474.4049987792969,474.4049987792969,474.4049987792969,474.4049987792969,439
2023-03-31 13:34:00-04:00,474.6199951171875,474.6199951171875,474.6199951171875,474.6199951171875,474.6199951171875,251
2023-03-31 13:37:00-04:00,474.8399963378906,474.8399963378906,474.8399963378906,474.8399963378906,474.8399963378906,429
2023-03-31 13:38:00-04:00,475.1199951171875,475.1199951171875,475.1199951171875,475.1199951171875,475.1199951171875,101
2023-03-31 13:39:00-04:00,475.1449890136719,475.1449890136719,475.1449890136719,475.1449890136719,475.1449890136719,174
2023-03-31 13:40:00-04:00,475.1199951171875,475.1199951171875,475.1199951171875,475.1199951171875,475.1199951171875,661
2023-03-31 13:41:00-04:00,475.0899963378906,475.0899963378906,474.1000061035156,474.1000061035156,474.1000061035156,638
2023-03-31 13:43:00-04:00,474.3999938964844,474.3999938964844,474.3999938964844,474.3999938964844,474.3999938964844,276
2023-03-31 13:46:00-04:00,475.32000732421875,475.32000732421875,475.32000732421875,475.32000732421875,475.32000732421875,590
2023-03-31 13:50:00-04:00,474.7275085449219,474.7275085449219,474.67498779296875,474.69000244140625,474.69000244140625,354
2023-03-31 13:52:00-04:00,475.0799865722656,475.0799865722656,475.0799865722656,475.0799865722656,475.0799865722656,202
2023-03-31 13:55:00-04:00,475.1099853515625,475.114990234375,475.1075134277344,475.114990234375,475.114990234375,506
2023-03-31 13:58:00-04:00,474.989990234375,474.989990234375,474.989990234375,474.989990234375,474.989990234375,306
2023-03-31 13:59:00-04:00,475.8800048828125,475.8800048828125,475.8800048828125,475.8800048828125,475.8800048828125,596
2023-03-31 14:04:00-04:00,476.42999267578125,476.7550048828125,476.42999267578125,476.7550048828125,476.7550048828125,634
2023-03-31 14:07:00-04:00,476.8999938964844,476.8999938964844,476.8999938964844,476.8999938964844,476.8999938964844,323
2023-03-31 14:08:00-04:00,476.6600036621094,476.70001220703125,476.29998779296875,476.3550109863281,476.3550109863281,1750
2023-03-31 14:11:00-04:00,476.80999755859375,476.80999755859375,476.80999755859375,476.80999755859375,476.80999755859375,451
2023-03-31 14:13:00-04:00,476.0400085449219,476.3999938964844,475.5899963378906,476.3599853515625,476.3599853515625,939
2023-03-31 14:15:00-04:00,476.375,476.5299987792969,476.375,476.5299987792969,476.5299987792969,968
2023-03-31 14:16:00-04:00,476.95001220703125,476.95001220703125,476.95001220703125,476.95001220703125,476.95001220703125,1049
2023-03-31 14:21:00-04:00,476.6600036621094,476.6600036621094,476.6600036621094,476.6600036621094,476.6600036621094,261
2023-03-31 14:26:00-04:00,475.8800048828125,475.8800048828125,475.8800048828125,475.8800048828125,475.8800048828125,1017
2023-03-31 14:32:00-04:00,475.9100036621094,475.9100036621094,475.9100036621094,475.9100036621094,475.9100036621094,229
2023-03-31 14:33:00-04:00,475.9150085449219,475.9150085449219,475.9150085449219,475.9150085449219,475.9150085449219,110
2023-03-31 14:34:00-04:00,475.9150085449219,475.9150085449219,475.9150085449219,475.9150085449219,475.9150085449219,176
2023-03-31 14:36:00-04:00,475.92999267578125,475.92999267578125,475.92999267578125,475.92999267578125,475.92999267578125,180
2023-03-31 14:38:00-04:00,476.0199890136719,476.0199890136719,476.0199890136719,476.0199890136719,476.0199890136719,358
2023-03-31 14:40:00-04:00,475.8699951171875,475.8699951171875,475.8699951171875,475.8699951171875,475.8699951171875,124
2023-03-31 14:41:00-04:00,475.8699951171875,475.8699951171875,475.8699951171875,475.8699951171875,475.8699951171875,172
2023-03-31 14:42:00-04:00,475.57000732421875,475.57000732421875,475.57000732421875,475.57000732421875,475.57000732421875,111
2023-03-31 14:43:00-04:00,475.8699951171875,475.92999267578125,475.8699951171875,475.92999267578125,475.92999267578125,401
2023-03-31 14:45:00-04:00,475.489990234375,475.489990234375,475.4800109863281,475.4800109863281,475.4800109863281,1421
2023-03-31 14:48:00-04:00,474.5899963378906,474.5899963378906,474.5899963378906,474.5899963378906,474.5899963378906,260
2023-03-31 14:52:00-04:00,475.05999755859375,475.17498779296875,475.05999755859375,475.17498779296875,475.17498779296875,760
2023-03-31 14:55:00-04:00,475.3349914550781,475.3349914550781,475.3349914550781,475.3349914550781,475.3349914550781,651
2023-03-31 14:56:00-04:00,475.3399963378906,475.3399963378906,475.0799865722656,475.0799865722656,475.0799865722656,725
2023-03-31 14:58:00-04:00,475.5199890136719,475.55999755859375,475.1300048828125,475.1300048828125,475.1300048828125,1560
2023-03-31 14:59:00-04:00,475.010009765625,475.010009765625,474.3800048828125,474.3800048828125,474.3800048828125,813
2023-03-31 15:00:00-04:00,474.5,474.5,474.5,474.5,474.5,172
2023-03-31 15:01:00-04:00,475.04998779296875,475.0799865722656,475.04998779296875,475.0799865722656,475.0799865722656,652
2023-03-31 15:03:00-04:00,475.2300109863281,475.2300109863281,475.1300048828125,475.1300048828125,475.1300048828125,338
2023-03-31 15:04:00-04:00,475.2300109863281,475.2300109863281,475.2300109863281,475.2300109863281,475.2300109863281,252
2023-03-31 15:05:00-04:00,475.6600036621094,475.6600036621094,475.6600036621094,475.6600036621094,475.6600036621094,245
2023-03-31 15:06:00-04:00,475.7699890136719,475.7699890136719,475.7699890136719,475.7699890136719,475.7699890136719,857
2023-03-31 15:12:00-04:00,475.5400085449219,475.5400085449219,475.260009765625,475.5400085449219,475.5400085449219,2845
2023-03-31 15:17:00-04:00,476.0299987792969,476.0299987792969,476.0299987792969,476.0299987792969,476.0299987792969,187
2023-03-31 15:19:00-04:00,475.8299865722656,475.8299865722656,475.8299865722656,475.8299865722656,475.8299865722656,279
2023-03-31 15:22:00-04:00,475.6199951171875,476.1000061035156,475.6199951171875,476.1000061035156,476.1000061035156,385
2023-03-31 15:24:00-04:00,476.2049865722656,476.57000732421875,476.2049865722656,476.57000732421875,476.57000732421875,417
2023-03-31 15:26:00-04:00,476.5299987792969,477.19000244140625,476.5299987792969,477.19000244140625,477.19000244140625,1035
2023-03-31 15:28:00-04:00,476.5400085449219,476.5400085449219,476.37750244140625,476.37750244140625,476.37750244140625,957
2023-03-31 15:29:00-04:00,476.3599853515625,476.5299987792969,476.29998779296875,476.5299987792969,476.5299987792969,919
2023-03-31 15:32:00-04:00,476.2799987792969,476.2799987792969,476.2799987792969,476.2799987792969,476.2799987792969,307
2023-03-31 15:33:00-04:00,476.6748962402344,476.8999938964844,476.4750061035156,476.8999938964844,476.8999938964844,1738
2023-03-31 15:34:00-04:00,476.5950012207031,476.5950012207031,476.5950012207031,476.5950012207031,476.5950012207031,157
2023-03-31 15:35:00-04:00,476.5899963378906,477.79998779296875,476.5899963378906,477.79998779296875,477.79998779296875,2468
2023-03-31 15:36:00-04:00,478.0350036621094,478.0350036621094,478.0350036621094,478.0350036621094,478.0350036621094,290
2023-03-31 15:37:00-04:00,477.3299865722656,477.3299865722656,476.7449951171875,477.0199890136719,477.0199890136719,3008
2023-03-31 15:39:00-04:00,477.1300048828125,477.1300048828125,477.1300048828125,477.1300048828125,477.1300048828125,446
2023-03-31 15:40:00-04:00,477.1300048828125,477.1300048828125,477.1300048828125,477.1300048828125,477.1300048828125,287
2023-03-31 15:41:00-04:00,477.2799987792969,477.2799987792969,477.2799987792969,477.2799987792969,477.2799987792969,246
2023-03-31 15:42:00-04:00,477.2300109863281,477.2300109863281,477.1400146484375,477.1400146484375,477.1400146484375,552
2023-03-31 15:43:00-04:00,477.2799987792969,477.2799987792969,477.04998779296875,477.04998779296875,477.04998779296875,551
2023-03-31 15:44:00-04:00,477.260009765625,478.0299987792969,477.239990234375,477.57501220703125,477.57501220703125,1198
2023-03-31 15:45:00-04:00,477.2300109863281,477.2300109863281,477.2300109863281,477.2300109863281,477.2300109863281,176
2023-03-31 15:46:00-04:00,477.57000732421875,477.760009765625,477.57000732421875,477.760009765625,477.760009765625,332
2023-03-31 15:47:00-04:00,477.32000732421875,477.32000732421875,477.32000732421875,477.32000732421875,477.32000732421875,231
2023-03-31 15:48:00-04:00,477.32000732421875,477.4200134277344,477.32000732421875,477.4200134277344,477.4200134277344,368
2023-03-31 15:49:00-04:00,477.1499938964844,477.1499938964844,477.1499938964844,477.1499938964844,477.1499938964844,1107
2023-03-31 15:50:00-04:00,477.5400085449219,477.5400085449219,476.2650146484375,476.7699890136719,476.7699890136719,1787
2023-03-31 15:52:00-04:00,476.7900085449219,476.7900085449219,476.4175109863281,476.4175109863281,476.4175109863281,1183
2023-03-31 15:53:00-04:00,476.2449951171875,476.75,476.2449951171875,476.75,476.75,471
2023-03-31 15:54:00-04:00,477.29998779296875,477.29998779296875,477.29998779296875,477.29998779296875,477.29998779296875,1034
2023-03-31 15:55:00-04:00,477.6000061035156,478.364990234375,477.5350036621094,478.364990234375,478.364990234375,1975
2023-03-31 15:56:00-04:00,478.17498779296875,478.3999938964844,477.8399963378906,478.3999938964844,478.3999938964844,1630
2023-03-31 15:57:00-04:00,478.5,478.7699890136719,478.1700134277344,478.70001220703125,478.70001220703125,3063
2023-03-31 15:58:00-04:00,478.70001220703125,479.2550048828125,478.70001220703125,479.2550048828125,479.2550048828125,2699
2023-03-31 15:59:00-04:00,478.8399963378906,479.4100036621094,478.8399963378906,478.9700012207031,478.9700012207031,6762
2023-04-03 09:31:00-04:00,476.4700012207031,476.4700012207031,476.4700012207031,476.4700012207031,476.4700012207031,1484
2023-04-03 09:34:00-04:00,474.3999938964844,474.3999938964844,474.3999938964844,474.3999938964844,474.3999938964844,271
2023-04-03 09:37:00-04:00,474.385009765625,474.385009765625,474.385009765625,474.385009765625,474.385009765625,540
2023-04-03 09:44:00-04:00,473.0,473.0,470.70001220703125,470.70001220703125,470.70001220703125,1029
2023-04-03 09:55:00-04:00,472.0,472.0,470.0799865722656,470.0799865722656,470.0799865722656,1288
2023-04-03 09:58:00-04:00,471.6499938964844,471.8211975097656,471.30999755859375,471.8211975097656,471.8211975097656,1044
2023-04-03 10:00:00-04:00,472.4800109863281,472.489990234375,472.1600036621094,472.489990234375,472.489990234375,1186
2023-04-03 10:01:00-04:00,473.1400146484375,473.1400146484375,473.1400146484375,473.1400146484375,473.1400146484375,482
2023-04-03 10:04:00-04:00,473.1499938964844,473.3299865722656,472.8399963378906,472.8399963378906,472.8399963378906,850
2023-04-03 10:06:00-04:00,473.260009765625,474.7799987792969,473.260009765625,474.7799987792969,474.7799987792969,347
2023-04-03 10:07:00-04:00,473.0199890136719,473.0199890136719,472.29998779296875,472.29998779296875,472.29998779296875,681
2023-04-03 10:12:00-04:00,474.8999938964844,474.8999938964844,474.8999938964844,474.8999938964844,474.8999938964844,201
2023-04-03 10:15:00-04:00,474.8900146484375,474.8900146484375,474.8900146484375,474.8900146484375,474.8900146484375,150
2023-04-03 10:16:00-04:00,474.8999938964844,476.1499938964844,474.8699951171875,475.0400085449219,475.0400085449219,2182
2023-04-03 10:17:00-04:00,477.54998779296875,477.54998779296875,477.54998779296875,477.54998779296875,477.54998779296875,318
2023-04-03 10:19:00-04:00,477.8299865722656,477.8299865722656,477.8299865722656,477.8299865722656,477.8299865722656,297
2023-04-03 10:21:00-04:00,476.1225891113281,476.1225891113281,476.1225891113281,476.1225891113281,476.1225891113281,404
2023-04-03 10:26:00-04:00,477.67999267578125,477.67999267578125,477.67999267578125,477.67999267578125,477.67999267578125,405
2023-04-03 10:29:00-04:00,477.4800109863281,477.4800109863281,475.6000061035156,475.6000061035156,475.6000061035156,204
2023-04-03 10:30:00-04:00,475.68499755859375,475.68499755859375,475.4599914550781,475.4599914550781,475.4599914550781,909
2023-04-03 10:33:00-04:00,475.0,475.0,474.6600036621094,475.0,475.0,1527
2023-04-03 10:34:00-04:00,473.8699951171875,474.55999755859375,473.8699951171875,474.55999755859375,474.55999755859375,898
2023-04-03 10:35:00-04:00,474.55999755859375,474.8399963378906,474.375,474.3900146484375,474.3900146484375,1282
2023-04-03 10:36:00-04:00,473.57000732421875,473.6199951171875,473.57000732421875,473.57000732421875,473.57000732421875,389
2023-04-03 10:40:00-04:00,473.4800109863281,473.4800109863281,473.4800109863281,473.4800109863281,473.4800109863281,200
2023-04-03 10:41:00-04:00,472.1300048828125,472.1300048828125,472.1300048828125,472.1300048828125,472.1300048828125,226
2023-04-03 10:43:00-04:00,471.6000061035156,471.75,471.6000061035156,471.75,471.75,386
2023-04-03 10:45:00-04:00,470.7875061035156,470.7875061035156,470.7875061035156,470.7875061035156,470.7875061035156,429
2023-04-03 10:49:00-04:00,470.1650085449219,470.8399963378906,470.04998779296875,470.8399963378906,470.8399963378906,1118
2023-04-03 10:53:00-04:00,469.3550109863281,469.3550109863281,469.3550109863281,469.3550109863281,469.3550109863281,788
2023-04-03 10:57:00-04:00,469.0799865722656,469.0799865722656,469.0799865722656,469.0799865722656,469.0799865722656,213
2023-04-03 10:58:00-04:00,468.6400146484375,468.6400146484375,468.6400146484375,468.6400146484375,468.6400146484375,582
2023-04-03 11:00:00-04:00,468.0899963378906,469.0,468.0899963378906,469.0,469.0,1831
2023-04-03 11:08:00-04:00,468.92999267578125,468.92999267578125,467.57000732421875,467.57000732421875,467.57000732421875,228
2023-04-03 11:09:00-04:00,468.2099914550781,468.2099914550781,467.7250061035156,467.7250061035156,467.7250061035156,1440
2023-04-03 11:14:00-04:00,466.29998779296875,466.29998779296875,466.29998779296875,466.29998779296875,466.29998779296875,161
2023-04-03 11:15:00-04:00,466.2300109863281,466.6600036621094,466.2300109863281,466.6600036621094,466.6600036621094,412
2023-04-03 11:16:00-04:00,466.427490234375,466.427490234375,466.427490234375,466.427490234375,466.427490234375,937
2023-04-03 11:22:00-04:00,467.0299987792969,467.0400085449219,467.0,467.0400085449219,467.0400085449219,1203
2023-04-03 11:27:00-04:00,466.20001220703125,466.3500061035156,466.20001220703125,466.3500061035156,466.3500061035156,347
2023-04-03 11:29:00-04:00,465.8299865722656,465.8299865722656,465.8299865722656,465.8299865722656,465.8299865722656,506
2023-04-03 11:31:00-04:00,466.2300109863281,466.2300109863281,466.2300109863281,466.2300109863281,466.2300109863281,2388
2023-04-03 11:43:00-04:00,467.5299987792969,467.5299987792969,467.5299987792969,467.5299987792969,467.5299987792969,579
2023-04-03 11:45:00-04:00,467.5,467.5,467.5,467.5,467.5,283
2023-04-03 11:48:00-04:00,468.1300048828125,468.1400146484375,467.8699951171875,468.1400146484375,468.1400146484375,1474
2023-04-03 11:52:00-04:00,467.3900146484375,467.3900146484375,467.3900146484375,467.3900146484375,467.3900146484375,247
2023-04-03 11:54:00-04:00,467.4150085449219,467.4150085449219,467.4150085449219,467.4150085449219,467.4150085449219,211
2023-04-03 11:56:00-04:00,468.1300048828125,468.2900085449219,468.0299987792969,468.0299987792969,468.0299987792969,1540
2023-04-03 11:57:00-04:00,467.864990234375,467.864990234375,467.864990234375,467.864990234375,467.864990234375,290
2023-04-03 12:00:00-04:00,468.3399963378906,468.3399963378906,468.3399963378906,468.3399963378906,468.3399963378906,269
2023-04-03 12:01:00-04:00,467.9624938964844,467.9624938964844,467.9624938964844,467.9624938964844,467.9624938964844,102
2023-04-03 12:02:00-04:00,467.9175109863281,467.9175109863281,467.80999755859375,467.80999755859375,467.80999755859375,257
2023-04-03 12:05:00-04:00,469.05999755859375,469.05999755859375,469.05999755859375,469.05999755859375,469.05999755859375,802
2023-04-03 12:15:00-04:00,468.1600036621094,468.1600036621094,467.2099914550781,467.2099914550781,467.2099914550781,988
2023-04-03 12:16:00-04:00,466.8800048828125,466.8800048828125,466.44000244140625,466.44000244140625,466.44000244140625,735
2023-04-03 12:22:00-04:00,466.3349914550781,466.3349914550781,465.5150146484375,465.5150146484375,465.5150146484375,1140
2023-04-03 12:26:00-04:00,466.1000061035156,466.20001220703125,466.1000061035156,466.20001220703125,466.20001220703125,853
2023-04-03 12:32:00-04:00,465.2200012207031,465.2200012207031,465.010009765625,465.0150146484375,465.0150146484375,648
2023-04-03 12:37:00-04:00,465.1499938964844,465.1499938964844,464.2099914550781,464.2099914550781,464.2099914550781,1862
2023-04-03 12:45:00-04:00,464.3349914550781,464.3349914550781,463.69000244140625,463.69000244140625,463.69000244140625,640
2023-04-03 12:49:00-04:00,463.3500061035156,463.3500061035156,462.8550109863281,463.1300048828125,463.1300048828125,695
2023-04-03 12:50:00-04:00,463.25,463.2650146484375,463.25,463.2650146484375,463.2650146484375,350
2023-04-03 12:53:00-04:00,463.9198913574219,463.9198913574219,463.9198913574219,463.9198913574219,463.9198913574219,466
2023-04-03 12:56:00-04:00,463.9200134277344,463.9200134277344,463.5174865722656,463.81500244140625,463.81500244140625,1756
2023-04-03 13:01:00-04:00,463.4100036621094,463.4100036621094,462.9649963378906,462.9649963378906,462.9649963378906,591
2023-04-03 13:06:00-04:00,463.2550048828125,463.2799987792969,463.2074890136719,463.2799987792969,463.2799987792969,996
2023-04-03 13:08:00-04:00,463.864990234375,464.0199890136719,463.864990234375,463.9200134277344,463.9200134277344,739
2023-04-03 13:14:00-04:00,465.010009765625,465.010009765625,465.010009765625,465.010009765625,465.010009765625,142
2023-04-03 13:16:00-04:00,465.3299865722656,465.3299865722656,465.3299865722656,465.3299865722656,465.3299865722656,1456
2023-04-03 13:27:00-04:00,465.5899963378906,465.5899963378906,465.5899963378906,465.5899963378906,465.5899963378906,456
2023-04-03 13:30:00-04:00,465.3999938964844,465.3999938964844,464.6199951171875,464.6199951171875,464.6199951171875,588
2023-04-03 13:31:00-04:00,463.82501220703125,463.82501220703125,463.5199890136719,463.5199890136719,463.5199890136719,389
2023-04-03 13:34:00-04:00,462.9800109863281,462.9800109863281,462.9800109863281,462.9800109863281,462.9800109863281,156
2023-04-03 13:38:00-04:00,463.8800048828125,463.8800048828125,463.8800048828125,463.8800048828125,463.8800048828125,506
2023-04-03 13:42:00-04:00,463.0,463.0,462.29998779296875,462.29998779296875,462.29998779296875,2587
2023-04-03 13:48:00-04:00,463.5,463.5,463.5,463.5,463.5,2503
2023-04-03 13:49:00-04:00,463.4549865722656,463.4549865722656,463.4549865722656,463.4549865722656,463.4549865722656,408
2023-04-03 13:52:00-04:00,462.8900146484375,462.8900146484375,462.67498779296875,462.67498779296875,462.67498779296875,705
2023-04-03 13:53:00-04:00,462.62799072265625,462.62799072265625,462.62799072265625,462.62799072265625,462.62799072265625,426
2023-04-03 13:54:00-04:00,461.489990234375,461.489990234375,461.489990234375,461.489990234375,461.489990234375,311
2023-04-03 13:55:00-04:00,461.489990234375,461.489990234375,461.489990234375,461.489990234375,461.489990234375,451
2023-04-03 13:58:00-04:00,461.7200012207031,461.7200012207031,461.7200012207031,461.7200012207031,461.7200012207031,1188
2023-04-03 14:08:00-04:00,462.3299865722656,462.5,462.05999755859375,462.0799865722656,462.0799865722656,1385
2023-04-03 14:11:00-04:00,462.5400085449219,462.5400085449219,462.5400085449219,462.5400085449219,462.5400085449219,367
2023-04-03 14:12:00-04:00,462.5899963378906,462.5899963378906,462.1300048828125,462.1300048828125,462.1300048828125,825
2023-04-03 14:16:00-04:00,461.6400146484375,461.6400146484375,461.2550048828125,461.2550048828125,461.2550048828125,1007
2023-04-03 14:17:00-04:00,462.0199890136719,462.2449951171875,461.8999938964844,462.2449951171875,462.2449951171875,783
2023-04-03 14:18:00-04:00,462.6499938964844,462.6499938964844,462.6000061035156,462.614990234375,462.614990234375,558
2023-04-03 14:20:00-04:00,463.5799865722656,463.5799865722656,463.1400146484375,463.1400146484375,463.1400146484375,421
2023-04-03 14:22:00-04:00,462.70001220703125,462.70001220703125,462.70001220703125,462.70001220703125,462.70001220703125,158
2023-04-03 14:24:00-04:00,462.7300109863281,462.7300109863281,462.7300109863281,462.7300109863281,462.7300109863281,873
2023-04-03 14:30:00-04:00,462.55999755859375,462.55999755859375,462.2349853515625,462.2349853515625,462.2349853515625,1188
2023-04-03 14:38:00-04:00,463.6700134277344,463.6700134277344,463.6700134277344,463.6700134277344,463.6700134277344,1415
2023-04-03 14:46:00-04:00,462.0899963378906,462.0899963378906,462.0899963378906,462.0899963378906,462.0899963378906,112
2023-04-03 14:47:00-04:00,462.0950012207031,462.0950012207031,462.0950012207031,462.0950012207031,462.0950012207031,249
2023-04-03 14:49:00-04:00,462.2300109863281,462.4100036621094,462.2300109863281,462.4100036621094,462.4100036621094,997
2023-04-03 14:53:00-04:00,462.0299987792969,462.0299987792969,461.989990234375,461.989990234375,461.989990234375,810
2023-04-03 14:56:00-04:00,461.7699890136719,461.7699890136719,461.7699890136719,461.7699890136719,461.7699890136719,190
2023-04-03 14:57:00-04:00,461.6499938964844,461.6499938964844,461.260009765625,461.260009765625,461.260009765625,651
2023-04-03 14:58:00-04:00,461.2300109863281,461.2300109863281,461.2300109863281,461.2300109863281,461.2300109863281,981
2023-04-03 15:00:00-04:00,461.0,461.5199890136719,461.0,461.5199890136719,461.5199890136719,1054
2023-04-03 15:02:00-04:00,461.67999267578125,461.7699890136719,461.67999267578125,461.7699890136719,461.7699890136719,1049
2023-04-03 15:05:00-04:00,462.44000244140625,462.44000244140625,462.44000244140625,462.44000244140625,462.44000244140625,124
2023-04-03 15:07:00-04:00,461.82000732421875,461.82000732421875,461.82000732421875,461.82000732421875,461.82000732421875,702
2023-04-03 15:11:00-04:00,461.92999267578125,461.9800109863281,461.92999267578125,461.9800109863281,461.9800109863281,1030
2023-04-03 15:13:00-04:00,462.17999267578125,462.17999267578125,462.17999267578125,462.17999267578125,462.17999267578125,340
2023-04-03 15:14:00-04:00,462.1000061035156,462.1000061035156,462.1000061035156,462.1000061035156,462.1000061035156,143
2023-04-03 15:15:00-04:00,462.239990234375,462.239990234375,462.239990234375,462.239990234375,462.239990234375,303
2023-04-03 15:18:00-04:00,462.1549987792969,462.5,462.1549987792969,462.4700012207031,462.4700012207031,615
2023-04-03 15:19:00-04:00,462.5199890136719,462.5199890136719,462.5199890136719,462.5199890136719,462.5199890136719,912
2023-04-03 15:20:00-04:00,461.69500732421875,461.69500732421875,461.69500732421875,461.69500732421875,461.69500732421875,540
2023-04-03 15:27:00-04:00,462.4800109863281,462.4800109863281,462.4800109863281,462.4800109863281,462.4800109863281,485
2023-04-03 15:28:00-04:00,462.20001220703125,462.4100036621094,462.20001220703125,462.3900146484375,462.3900146484375,1044
2023-04-03 15:29:00-04:00,462.30999755859375,462.30999755859375,462.30999755859375,462.30999755859375,462.30999755859375,559
2023-04-03 15:30:00-04:00,461.7149963378906,461.7149963378906,461.7149963378906,461.7149963378906,461.7149963378906,175
2023-04-03 15:31:00-04:00,461.7149963378906,461.7149963378906,461.7149963378906,461.7149963378906,461.7149963378906,112
2023-04-03 15:32:00-04:00,461.9100036621094,462.6000061035156,461.9100036621094,462.6000061035156,462.6000061035156,1182
2023-04-03 15:33:00-04:00,462.510009765625,462.6199951171875,462.5,462.5,462.5,1325
2023-04-03 15:34:00-04:00,462.989990234375,462.989990234375,462.989990234375,462.989990234375,462.989990234375,485
2023-04-03 15:36:00-04:00,462.8999938964844,462.8999938964844,462.8999938964844,462.8999938964844,462.8999938964844,290
2023-04-03 15:37:00-04:00,463.1300048828125,463.1300048828125,463.1300048828125,463.1300048828125,463.1300048828125,160
2023-04-03 15:39:00-04:00,462.80999755859375,462.80999755859375,462.6050109863281,462.6199951171875,462.6199951171875,1295
2023-04-03 15:40:00-04:00,462.79998779296875,462.79998779296875,462.55999755859375,462.55999755859375,462.55999755859375,855
2023-04-03 15:41:00-04:00,462.5450134277344,462.5450134277344,462.5450134277344,462.5450134277344,462.5450134277344,332
2023-04-03 15:42:00-04:00,462.4100036621094,462.4100036621094,462.4100036621094,462.4100036621094,462.4100036621094,385
2023-04-03 15:43:00-04:00,463.0299987792969,463.3900146484375,463.0299987792969,463.3900146484375,463.3900146484375,1537
2023-04-03 15:45:00-04:00,463.635009765625,463.635009765625,463.6000061035156,463.6199951171875,463.6199951171875,773
2023-04-03 15:47:00-04:00,463.4700012207031,463.4700012207031,463.2300109863281,463.2300109863281,463.2300109863281,1818
2023-04-03 15:48:00-04:00,462.8800048828125,463.1000061035156,462.8800048828125,463.1000061035156,463.1000061035156,412
2023-04-03 15:49:00-04:00,463.3999938964844,463.6050109863281,463.2900085449219,463.6050109863281,463.6050109863281,3978
2023-04-03 15:50:00-04:00,463.79998779296875,464.36749267578125,463.79998779296875,464.36749267578125,464.36749267578125,1374
2023-04-03 15:51:00-04:00,464.56500244140625,464.56500244140625,464.44000244140625,464.510009765625,464.510009765625,938
2023-04-03 15:52:00-04:00,464.2300109863281,464.239990234375,464.0199890136719,464.0199890136719,464.0199890136719,1818
2023-04-03 15:53:00-04:00,464.6400146484375,464.6400146484375,464.2300109863281,464.2300109863281,464.2300109863281,759
2023-04-03 15:54:00-04:00,464.32000732421875,464.32000732421875,464.2300109863281,464.2300109863281,464.2300109863281,731
2023-04-03 15:55:00-04:00,464.32000732421875,464.510009765625,464.32000732421875,464.3299865722656,464.3299865722656,2107
2023-04-03 15:56:00-04:00,464.42999267578125,464.42999267578125,463.2300109863281,463.5350036621094,463.5350036621094,3736
2023-04-03 15:57:00-04:00,463.2900085449219,463.7699890136719,463.239990234375,463.6300048828125,463.6300048828125,1661
2023-04-03 15:58:00-04:00,463.8299865722656,464.06500244140625,463.8299865722656,463.8500061035156,463.8500061035156,2083
2023-04-03 15:59:00-04:00,463.67999267578125,464.82000732421875,463.5799865722656,464.8197937011719,464.8197937011719,6641
2023-04-04 09:31:00-04:00,465.260009765625,467.2200012207031,465.260009765625,467.2200012207031,467.2200012207031,2145
2023-04-04 09:41:00-04:00,464.7550048828125,464.7550048828125,464.7550048828125,464.7550048828125,464.7550048828125,156
2023-04-04 09:47:00-04:00,465.69000244140625,468.4200134277344,465.69000244140625,468.4200134277344,468.4200134277344,442
2023-04-04 09:50:00-04:00,466.45001220703125,466.45001220703125,466.45001220703125,466.45001220703125,466.45001220703125,540
2023-04-04 09:55:00-04:00,466.5199890136719,466.5199890136719,466.5199890136719,466.5199890136719,466.5199890136719,329
2023-04-04 09:56:00-04:00,467.17999267578125,467.3599853515625,466.3999938964844,466.3999938964844,466.3999938964844,1936
2023-04-04 09:57:00-04:00,467.07501220703125,467.07501220703125,467.07501220703125,467.07501220703125,467.07501220703125,1345
2023-04-04 10:08:00-04:00,466.1600036621094,466.3900146484375,466.1600036621094,466.1600036621094,466.1600036621094,1170
2023-04-04 10:13:00-04:00,465.6199951171875,465.69000244140625,465.6199951171875,465.6199951171875,465.6199951171875,705
2023-04-04 10:14:00-04:00,465.7650146484375,465.7650146484375,465.7650146484375,465.7650146484375,465.7650146484375,104
2023-04-04 10:15:00-04:00,465.4800109863281,465.4800109863281,465.4800109863281,465.4800109863281,465.4800109863281,361
2023-04-04 10:20:00-04:00,465.0899963378906,465.0899963378906,465.0899963378906,465.0899963378906,465.0899963378906,474
2023-04-04 10:21:00-04:00,464.3399963378906,464.3399963378906,464.3399963378906,464.3399963378906,464.3399963378906,106
2023-04-04 10:22:00-04:00,464.4800109863281,464.4800109863281,464.4800109863281,464.4800109863281,464.4800109863281,124
2023-04-04 10:23:00-04:00,463.614990234375,463.614990234375,463.614990234375,463.614990234375,463.614990234375,376
2023-04-04 10:25:00-04:00,465.3299865722656,465.3299865722656,465.3299865722656,465.3299865722656,465.3299865722656,1214
2023-04-04 10:33:00-04:00,465.8500061035156,465.8500061035156,465.8500061035156,465.8500061035156,465.8500061035156,258
2023-04-04 10:39:00-04:00,466.56500244140625,466.56500244140625,466.56500244140625,466.56500244140625,466.56500244140625,220
2023-04-04 10:40:00-04:00,464.95001220703125,465.2200012207031,464.95001220703125,465.2200012207031,465.2200012207031,1032
2023-04-04 10:41:00-04:00,464.30999755859375,464.30999755859375,464.30999755859375,464.30999755859375,464.30999755859375,380
2023-04-04 10:42:00-04:00,464.57000732421875,464.57000732421875,464.57000732421875,464.57000732421875,464.57000732421875,499
2023-04-04 10:47:00-04:00,464.260009765625,464.260009765625,464.260009765625,464.260009765625,464.260009765625,531
2023-04-04 10:50:00-04:00,464.2349853515625,464.2349853515625,464.2349853515625,464.2349853515625,464.2349853515625,953
2023-04-04 10:55:00-04:00,465.1050109863281,465.1050109863281,465.1050109863281,465.1050109863281,465.1050109863281,349
2023-04-04 10:59:00-04:00,464.8550109863281,464.8550109863281,464.8550109863281,464.8550109863281,464.8550109863281,394
2023-04-04 11:00:00-04:00,464.0799865722656,464.0799865722656,464.05999755859375,464.05999755859375,464.05999755859375,500
2023-04-04 11:09:00-04:00,462.8800048828125,462.8800048828125,462.8800048828125,462.8800048828125,462.8800048828125,447
2023-04-04 11:11:00-04:00,461.1199951171875,462.8800048828125,461.1199951171875,462.8800048828125,462.8800048828125,465
2023-04-04 11:15:00-04:00,462.0400085449219,463.54998779296875,462.0400085449219,463.54998779296875,463.54998779296875,344
2023-04-04 11:16:00-04:00,462.42999267578125,462.760009765625,462.42999267578125,462.760009765625,462.760009765625,1042
2023-04-04 11:24:00-04:00,462.30999755859375,462.30999755859375,462.30999755859375,462.30999755859375,462.30999755859375,232
2023-04-04 11:27:00-04:00,461.1099853515625,462.5199890136719,461.1099853515625,462.04998779296875,462.04998779296875,673
2023-04-04 11:29:00-04:00,461.9599914550781,462.1600036621094,461.9599914550781,462.010009765625,462.010009765625,529
2023-04-04 11:30:00-04:00,462.32000732421875,463.0924987792969,462.32000732421875,463.0924987792969,463.0924987792969,458
2023-04-04 11:31:00-04:00,463.1050109863281,463.1050109863281,463.1050109863281,463.1050109863281,463.1050109863281,213
2023-04-04 11:32:00-04:00,463.0899963378906,463.1050109863281,463.0899963378906,463.1050109863281,463.1050109863281,330
2023-04-04 11:36:00-04:00,462.8500061035156,462.8500061035156,462.8500061035156,462.8500061035156,462.8500061035156,238
2023-04-04 11:39:00-04:00,462.6199951171875,462.6199951171875,462.6199951171875,462.6199951171875,462.6199951171875,457
2023-04-04 11:42:00-04:00,462.3999938964844,462.3999938964844,462.3999938964844,462.3999938964844,462.3999938964844,1638
2023-04-04 11:44:00-04:00,463.29998779296875,463.29998779296875,463.29998779296875,463.29998779296875,463.29998779296875,1502
2023-04-04 11:45:00-04:00,463.6199951171875,463.6199951171875,463.6199951171875,463.6199951171875,463.6199951171875,681
2023-04-04 11:49:00-04:00,463.125,463.739990234375,463.125,463.739990234375,463.739990234375,311
2023-04-04 11:51:00-04:00,462.92999267578125,463.6199951171875,462.92999267578125,463.6199951171875,463.6199951171875,921
2023-04-04 11:58:00-04:00,462.7900085449219,462.7900085449219,462.0899963378906,462.0899963378906,462.0899963378906,1311
2023-04-04 11:59:00-04:00,461.92498779296875,461.92498779296875,461.92498779296875,461.92498779296875,461.92498779296875,142
2023-04-04 12:00:00-04:00,461.92999267578125,461.92999267578125,461.92999267578125,461.92999267578125,461.92999267578125,203
2023-04-04 12:01:00-04:00,462.04998779296875,462.04998779296875,462.04998779296875,462.04998779296875,462.04998779296875,126
2023-04-04 12:03:00-04:00,462.8500061035156,462.8500061035156,462.8500061035156,462.8500061035156,462.8500061035156,606
2023-04-04 12:04:00-04:00,463.3599853515625,463.3599853515625,463.3599853515625,463.3599853515625,463.3599853515625,193
2023-04-04 12:08:00-04:00,463.3599853515625,463.3599853515625,463.010009765625,463.010009765625,463.010009765625,935
2023-04-04 12:15:00-04:00,463.69000244140625,463.69000244140625,463.69000244140625,463.69000244140625,463.69000244140625,284
2023-04-04 12:20:00-04:00,464.0400085449219,464.0400085449219,463.54998779296875,463.54998779296875,463.54998779296875,211
2023-04-04 12:21:00-04:00,463.54998779296875,464.1499938964844,462.9200134277344,464.1499938964844,464.1499938964844,985
2023-04-04 12:22:00-04:00,464.25,464.42498779296875,463.29998779296875,464.42498779296875,464.42498779296875,3569
2023-04-04 12:23:00-04:00,463.29998779296875,465.04998779296875,463.29998779296875,463.4100036621094,463.4100036621094,3490
2023-04-04 12:24:00-04:00,463.8699951171875,463.8699951171875,463.8699951171875,463.8699951171875,463.8699951171875,100
2023-04-04 12:25:00-04:00,463.7699890136719,465.3500061035156,463.7699890136719,464.7349853515625,464.7349853515625,1422
2023-04-04 12:31:00-04:00,463.8999938964844,463.8999938964844,463.8999938964844,463.8999938964844,463.8999938964844,110
2023-04-04 12:32:00-04:00,464.9750061035156,465.3500061035156,464.9750061035156,465.3500061035156,465.3500061035156,290
2023-04-04 12:37:00-04:00,465.05999755859375,465.05999755859375,465.05999755859375,465.05999755859375,465.05999755859375,142
2023-04-04 12:40:00-04:00,464.80499267578125,464.80499267578125,464.80499267578125,464.80499267578125,464.80499267578125,378
2023-04-04 12:42:00-04:00,464.8599853515625,465.5199890136719,464.80999755859375,465.5199890136719,465.5199890136719,1632
2023-04-04 12:53:00-04:00,466.4700012207031,466.4700012207031,466.4700012207031,466.4700012207031,466.4700012207031,614
2023-04-04 13:01:00-04:00,465.489990234375,465.489990234375,465.489990234375,465.489990234375,465.489990234375,137
2023-04-04 13:03:00-04:00,466.9200134277344,466.9200134277344,466.9200134277344,466.9200134277344,466.9200134277344,660
2023-04-04 13:10:00-04:00,467.0899963378906,467.0899963378906,467.0899963378906,467.0899963378906,467.0899963378906,181
2023-04-04 13:12:00-04:00,467.67999267578125,467.67999267578125,466.20001220703125,466.20001220703125,466.20001220703125,317
2023-04-04 13:14:00-04:00,466.3399963378906,466.3399963378906,465.0,465.0,465.0,2423
2023-04-04 13:16:00-04:00,465.6300048828125,465.6300048828125,464.9200134277344,464.9200134277344,464.9200134277344,1029
2023-04-04 13:20:00-04:00,465.739990234375,465.739990234375,465.739990234375,465.739990234375,465.739990234375,573
2023-04-04 13:27:00-04:00,465.8900146484375,465.8900146484375,465.55999755859375,465.55999755859375,465.55999755859375,554
2023-04-04 13:30:00-04:00,465.31500244140625,465.31500244140625,465.31500244140625,465.31500244140625,465.31500244140625,352
2023-04-04 13:34:00-04:00,465.1875,465.1875,464.6300048828125,465.1600036621094,465.1600036621094,622
2023-04-04 13:39:00-04:00,465.3800048828125,465.3800048828125,465.3800048828125,465.3800048828125,465.3800048828125,122
2023-04-04 13:42:00-04:00,464.69000244140625,464.81500244140625,464.5799865722656,464.80999755859375,464.80999755859375,1471
2023-04-04 13:43:00-04:00,464.8800048828125,465.2200012207031,464.8800048828125,465.2200012207031,465.2200012207031,767
2023-04-04 13:49:00-04:00,465.2200012207031,465.2200012207031,465.2200012207031,465.2200012207031,465.2200012207031,249
2023-04-04 13:54:00-04:00,465.9100036621094,465.9100036621094,465.9100036621094,465.9100036621094,465.9100036621094,341
2023-04-04 13:59:00-04:00,465.9100036621094,465.9100036621094,465.9100036621094,465.9100036621094,465.9100036621094,910
2023-04-04 14:12:00-04:00,465.8949890136719,465.8949890136719,465.8949890136719,465.8949890136719,465.8949890136719,250
2023-04-04 14:16:00-04:00,465.8500061035156,465.8500061035156,465.6199951171875,465.6199951171875,465.6199951171875,379
2023-04-04 14:19:00-04:00,465.30499267578125,465.30999755859375,464.7699890136719,464.7699890136719,464.7699890136719,2072
2023-04-04 14:20:00-04:00,465.25,465.25,465.25,465.25,465.25,1237
2023-04-04 14:27:00-04:00,464.3900146484375,464.3900146484375,464.3900146484375,464.3900146484375,464.3900146484375,827
2023-04-04 14:28:00-04:00,464.010009765625,464.010009765625,463.739990234375,463.739990234375,463.739990234375,420
2023-04-04 14:31:00-04:00,463.7300109863281,463.7300109863281,463.7300109863281,463.7300109863281,463.7300109863281,198
2023-04-04 14:34:00-04:00,463.7250061035156,463.7250061035156,463.7250061035156,463.7250061035156,463.7250061035156,571
2023-04-04 14:38:00-04:00,464.4700012207031,464.4700012207031,464.4700012207031,464.4700012207031,464.4700012207031,224
2023-04-04 14:39:00-04:00,464.6050109863281,464.6050109863281,464.6050109863281,464.6050109863281,464.6050109863281,465
2023-04-04 14:41:00-04:00,463.95001220703125,463.95001220703125,463.8599853515625,463.8599853515625,463.8599853515625,363
2023-04-04 14:44:00-04:00,463.69500732421875,463.69500732421875,463.69500732421875,463.69500732421875,463.69500732421875,1257
2023-04-04 14:53:00-04:00,463.2300109863281,463.3399963378906,462.7810974121094,463.3399963378906,463.3399963378906,1200
2023-04-04 14:58:00-04:00,462.5799865722656,462.5799865722656,462.260009765625,462.4049987792969,462.4049987792969,1270
2023-04-04 15:03:00-04:00,463.1199951171875,463.1199951171875,463.1199951171875,463.1199951171875,463.1199951171875,504
2023-04-04 15:12:00-04:00,463.4549865722656,463.4549865722656,463.4549865722656,463.4549865722656,463.4549865722656,145
2023-04-04 15:13:00-04:00,463.8900146484375,463.8900146484375,463.8900146484375,463.8900146484375,463.8900146484375,1028
2023-04-04 15:22:00-04:00,463.54998779296875,463.54998779296875,463.5299987792969,463.5299987792969,463.5299987792969,718
2023-04-04 15:23:00-04:00,463.42999267578125,463.42999267578125,463.0249938964844,463.07000732421875,463.07000732421875,2235
2023-04-04 15:32:00-04:00,462.6099853515625,462.6099853515625,462.6099853515625,462.6099853515625,462.6099853515625,645
2023-04-04 15:36:00-04:00,462.614990234375,462.614990234375,462.614990234375,462.614990234375,462.614990234375,744
2023-04-04 15:38:00-04:00,462.3599853515625,462.3599853515625,462.3599853515625,462.3599853515625,462.3599853515625,658
2023-04-04 15:39:00-04:00,462.5899963378906,462.6700134277344,462.5899963378906,462.6700134277344,462.6700134277344,999
2023-04-04 15:40:00-04:00,463.0799865722656,463.0799865722656,463.0799865722656,463.0799865722656,463.0799865722656,565
2023-04-04 15:41:00-04:00,462.82000732421875,462.82000732421875,462.82000732421875,462.82000732421875,462.82000732421875,437
2023-04-04 15:44:00-04:00,462.80499267578125,462.80499267578125,462.802490234375,462.80499267578125,462.80499267578125,556
2023-04-04 15:45:00-04:00,462.25,462.25,462.25,462.25,462.25,570
2023-04-04 15:46:00-04:00,462.2300109863281,462.2300109863281,462.2300109863281,462.2300109863281,462.2300109863281,664
2023-04-04 15:47:00-04:00,462.0199890136719,462.0199890136719,462.0199890136719,462.0199890136719,462.0199890136719,239
2023-04-04 15:49:00-04:00,462.2300109863281,462.2300109863281,462.2300109863281,462.2300109863281,462.2300109863281,394
2023-04-04 15:50:00-04:00,462.57000732421875,462.57000732421875,462.57000732421875,462.57000732421875,462.57000732421875,447
2023-04-04 15:51:00-04:00,462.6300048828125,462.864990234375,462.6300048828125,462.864990234375,462.864990234375,952
2023-04-04 15:52:00-04:00,462.8550109863281,463.25,462.8550109863281,463.25,463.25,432
2023-04-04 15:54:00-04:00,463.3599853515625,463.4200134277344,463.3599853515625,463.4200134277344,463.4200134277344,1276
2023-04-04 15:55:00-04:00,464.17999267578125,464.17999267578125,461.4599914550781,462.510009765625,462.510009765625,8337
2023-04-04 15:56:00-04:00,462.510009765625,462.92999267578125,462.510009765625,462.92999267578125,462.92999267578125,535
2023-04-04 15:57:00-04:00,462.93499755859375,462.9750061035156,462.93499755859375,462.9750061035156,462.9750061035156,757
2023-04-04 15:58:00-04:00,462.7799987792969,462.82501220703125,462.7699890136719,462.82501220703125,462.82501220703125,1984
2023-04-04 15:59:00-04:00,462.6000061035156,462.6000061035156,462.0299987792969,462.3699951171875,462.3699951171875,3966
2023-04-05 09:31:00-04:00,459.989990234375,459.989990234375,459.989990234375,459.989990234375,459.989990234375,718
2023-04-05 09:33:00-04:00,460.6099853515625,460.6099853515625,460.6099853515625,460.6099853515625,460.6099853515625,654
2023-04-05 09:42:00-04:00,460.5299987792969,461.7850036621094,460.5299987792969,461.7850036621094,461.7850036621094,1746
2023-04-05 09:47:00-04:00,464.5,464.5,464.5,464.5,464.5,842
2023-04-05 09:54:00-04:00,465.19000244140625,466.67999267578125,465.19000244140625,466.67999267578125,466.67999267578125,279
2023-04-05 09:56:00-04:00,466.0400085449219,466.0400085449219,466.0400085449219,466.0400085449219,466.0400085449219,251
2023-04-05 09:59:00-04:00,467.2950134277344,467.2950134277344,467.2950134277344,467.2950134277344,467.2950134277344,284
2023-04-05 10:00:00-04:00,466.1199951171875,468.8299865722656,460.7349853515625,464.04998779296875,464.04998779296875,1903
2023-04-05 10:06:00-04:00,464.0,464.0,463.989990234375,463.989990234375,463.989990234375,748
2023-04-05 10:17:00-04:00,463.875,463.875,463.875,463.875,463.875,348
2023-04-05 10:22:00-04:00,465.0299987792969,465.760009765625,465.0299987792969,465.760009765625,465.760009765625,945
2023-04-05 10:24:00-04:00,466.56500244140625,466.56500244140625,466.56500244140625,466.56500244140625,466.56500244140625,187
2023-04-05 10:25:00-04:00,465.6000061035156,465.6000061035156,465.42999267578125,465.42999267578125,465.42999267578125,756
2023-04-05 10:26:00-04:00,465.9674987792969,465.9674987792969,465.9674987792969,465.9674987792969,465.9674987792969,452
2023-04-05 10:28:00-04:00,464.93109130859375,465.260009765625,464.93109130859375,465.260009765625,465.260009765625,559
2023-04-05 10:30:00-04:00,464.30999755859375,464.30999755859375,464.30999755859375,464.30999755859375,464.30999755859375,600
2023-04-05 10:40:00-04:00,464.9949951171875,464.9949951171875,464.9949951171875,464.9949951171875,464.9949951171875,880
2023-04-05 10:45:00-04:00,463.4700012207031,463.885009765625,463.4700012207031,463.885009765625,463.885009765625,1268
2023-04-05 11:01:00-04:00,464.6199951171875,464.6199951171875,464.6199951171875,464.6199951171875,464.6199951171875,198
2023-04-05 11:05:00-04:00,465.3699951171875,465.3699951171875,464.7799987792969,464.7799987792969,464.7799987792969,837
2023-04-05 11:07:00-04:00,465.69000244140625,465.69000244140625,465.69000244140625,465.69000244140625,465.69000244140625,462
2023-04-05 11:18:00-04:00,466.29998779296875,466.29998779296875,466.29998779296875,466.29998779296875,466.29998779296875,333
2023-04-05 11:22:00-04:00,466.239990234375,466.3599853515625,466.2349853515625,466.3599853515625,466.3599853515625,889
2023-04-05 11:23:00-04:00,466.489990234375,466.489990234375,466.489990234375,466.489990234375,466.489990234375,205
2023-04-05 11:24:00-04:00,466.6199951171875,466.6400146484375,466.6199951171875,466.6400146484375,466.6400146484375,1018
2023-04-05 11:27:00-04:00,466.8999938964844,466.8999938964844,466.8999938964844,466.8999938964844,466.8999938964844,630
2023-04-05 11:34:00-04:00,468.1700134277344,468.1700134277344,468.1700134277344,468.1700134277344,468.1700134277344,260
2023-04-05 11:37:00-04:00,468.0799865722656,468.2699890136719,468.0799865722656,468.2699890136719,468.2699890136719,313
2023-04-05 11:42:00-04:00,467.3999938964844,467.3999938964844,467.3999938964844,467.3999938964844,467.3999938964844,448
2023-04-05 11:46:00-04:00,467.7300109863281,467.7300109863281,467.7300109863281,467.7300109863281,467.7300109863281,325
2023-04-05 11:51:00-04:00,467.80999755859375,467.80999755859375,467.80999755859375,467.80999755859375,467.80999755859375,859
2023-04-05 11:58:00-04:00,466.5,466.7799987792969,466.0400085449219,466.0400085449219,466.0400085449219,807
2023-04-05 12:01:00-04:00,466.17999267578125,466.17999267578125,465.2449951171875,466.1199951171875,466.1199951171875,1708
2023-04-05 12:10:00-04:00,465.79998779296875,465.79998779296875,465.79998779296875,465.79998779296875,465.79998779296875,964
2023-04-05 12:26:00-04:00,465.0899963378906,465.0899963378906,465.0899963378906,465.0899963378906,465.0899963378906,342
2023-04-05 12:32:00-04:00,464.07000732421875,464.07000732421875,464.07000732421875,464.07000732421875,464.07000732421875,528
2023-04-05 12:33:00-04:00,464.1099853515625,464.1099853515625,463.8699951171875,463.8699951171875,463.8699951171875,762
2023-04-05 12:46:00-04:00,464.1199951171875,464.1199951171875,463.94000244140625,464.1000061035156,464.1000061035156,1183
2023-04-05 12:54:00-04:00,464.1000061035156,464.1000061035156,464.1000061035156,464.1000061035156,464.1000061035156,674
2023-04-05 13:04:00-04:00,464.08050537109375,464.08050537109375,464.08050537109375,464.08050537109375,464.08050537109375,276
2023-04-05 13:07:00-04:00,464.1499938964844,464.6400146484375,464.1499938964844,464.6400146484375,464.6400146484375,703
2023-04-05 13:08:00-04:00,464.427490234375,464.427490234375,464.427490234375,464.427490234375,464.427490234375,224
2023-04-05 13:09:00-04:00,463.5799865722656,464.04998779296875,463.5799865722656,464.04998779296875,464.04998779296875,223
2023-04-05 13:11:00-04:00,463.8550109863281,463.8550109863281,463.8550109863281,463.8550109863281,463.8550109863281,226
2023-04-05 13:13:00-04:00,464.07000732421875,464.07000732421875,464.07000732421875,464.07000732421875,464.07000732421875,220
2023-04-05 13:20:00-04:00,464.1499938964844,464.1650085449219,464.1499938964844,464.1650085449219,464.1650085449219,400
2023-04-05 13:26:00-04:00,464.19000244140625,464.19000244140625,464.1650085449219,464.1650085449219,464.1650085449219,388
2023-04-05 13:30:00-04:00,463.8399963378906,463.8399963378906,463.8399963378906,463.8399963378906,463.8399963378906,184
2023-04-05 13:35:00-04:00,463.5400085449219,463.8399963378906,463.5400085449219,463.8399963378906,463.8399963378906,1472
2023-04-05 13:36:00-04:00,462.4150085449219,462.4150085449219,462.4150085449219,462.4150085449219,462.4150085449219,106
2023-04-05 13:37:00-04:00,463.260009765625,463.82000732421875,463.260009765625,463.80499267578125,463.80499267578125,1290
2023-04-05 13:47:00-04:00,463.79998779296875,463.8399963378906,463.54998779296875,463.54998779296875,463.54998779296875,1102
2023-04-05 13:58:00-04:00,464.32000732421875,464.32000732421875,464.32000732421875,464.32000732421875,464.32000732421875,436
2023-04-05 14:01:00-04:00,464.5849914550781,464.5849914550781,464.5849914550781,464.5849914550781,464.5849914550781,316
2023-04-05 14:07:00-04:00,464.625,464.9849853515625,464.625,464.9849853515625,464.9849853515625,272
2023-04-05 14:09:00-04:00,465.0799865722656,465.0799865722656,465.0799865722656,465.0799865722656,465.0799865722656,252
2023-04-05 14:15:00-04:00,464.42999267578125,465.0400085449219,464.42999267578125,465.0400085449219,465.0400085449219,835
2023-04-05 14:17:00-04:00,465.0450134277344,465.0450134277344,465.0450134277344,465.0450134277344,465.0450134277344,544
2023-04-05 14:20:00-04:00,464.2149963378906,464.2149963378906,464.2149963378906,464.2149963378906,464.2149963378906,257
2023-04-05 14:23:00-04:00,464.4800109863281,464.4800109863281,464.4800109863281,464.4800109863281,464.4800109863281,144
2023-04-05 14:25:00-04:00,464.1499938964844,464.1499938964844,463.7699890136719,463.7699890136719,463.7699890136719,371
2023-04-05 14:27:00-04:00,464.32000732421875,464.5899963378906,464.32000732421875,464.5899963378906,464.5899963378906,1124
2023-04-05 14:44:00-04:00,463.9800109863281,464.2300109863281,463.9800109863281,464.2300109863281,464.2300109863281,560
2023-04-05 14:45:00-04:00,464.7550048828125,464.7550048828125,464.7550048828125,464.7550048828125,464.7550048828125,730
2023-04-05 14:57:00-04:00,464.54998779296875,464.54998779296875,464.54998779296875,464.54998779296875,464.54998779296875,313
2023-04-05 14:58:00-04:00,464.1600036621094,464.1600036621094,464.1600036621094,464.1600036621094,464.1600036621094,624
2023-04-05 15:07:00-04:00,463.5950012207031,463.5950012207031,463.5950012207031,463.5950012207031,463.5950012207031,403
2023-04-05 15:11:00-04:00,463.07000732421875,463.2799987792969,462.8800048828125,463.2799987792969,463.2799987792969,2585
2023-04-05 15:22:00-04:00,463.7149963378906,463.7149963378906,463.7149963378906,463.7149963378906,463.7149963378906,267
2023-04-05 15:24:00-04:00,463.7900085449219,463.7900085449219,463.7900085449219,463.7900085449219,463.7900085449219,332
2023-04-05 15:25:00-04:00,463.3500061035156,463.3500061035156,463.3500061035156,463.3500061035156,463.3500061035156,311
2023-04-05 15:29:00-04:00,463.8399963378906,463.8399963378906,463.8399963378906,463.8399963378906,463.8399963378906,368
2023-04-05 15:31:00-04:00,463.43499755859375,463.43499755859375,463.43499755859375,463.43499755859375,463.43499755859375,305
2023-04-05 15:33:00-04:00,463.6700134277344,463.6700134277344,463.6700134277344,463.6700134277344,463.6700134277344,106
2023-04-05 15:34:00-04:00,463.7799987792969,464.3599853515625,463.3699951171875,463.7799987792969,463.7799987792969,3361
2023-04-05 15:35:00-04:00,463.6000061035156,463.6000061035156,463.6000061035156,463.6000061035156,463.6000061035156,698
2023-04-05 15:37:00-04:00,462.760009765625,462.760009765625,462.760009765625,462.760009765625,462.760009765625,132
2023-04-05 15:38:00-04:00,462.760009765625,462.7699890136719,462.760009765625,462.7699890136719,462.7699890136719,435
2023-04-05 15:39:00-04:00,462.44000244140625,462.44000244140625,462.4200134277344,462.4200134277344,462.4200134277344,357
2023-04-05 15:40:00-04:00,462.5400085449219,462.5400085449219,462.5400085449219,462.5400085449219,462.5400085449219,242
2023-04-05 15:41:00-04:00,462.4200134277344,462.4200134277344,462.4200134277344,462.4200134277344,462.4200134277344,497
2023-04-05 15:42:00-04:00,463.2900085449219,463.6600036621094,463.2900085449219,463.3599853515625,463.3599853515625,1070
2023-04-05 15:44:00-04:00,464.2099914550781,464.2099914550781,463.4800109863281,463.4800109863281,463.4800109863281,986
2023-04-05 15:45:00-04:00,463.4750061035156,463.4750061035156,463.4750061035156,463.4750061035156,463.4750061035156,273
2023-04-05 15:46:00-04:00,463.3699951171875,463.3699951171875,463.1300048828125,463.1300048828125,463.1300048828125,349
2023-04-05 15:47:00-04:00,464.1099853515625,464.1099853515625,463.6400146484375,463.6400146484375,463.6400146484375,490
2023-04-05 15:48:00-04:00,463.80499267578125,463.8800048828125,463.80499267578125,463.8800048828125,463.8800048828125,685
2023-04-05 15:49:00-04:00,463.9700012207031,464.32000732421875,463.9700012207031,464.1400146484375,464.1400146484375,850
2023-04-05 15:50:00-04:00,464.2449951171875,464.2449951171875,464.2449951171875,464.2449951171875,464.2449951171875,239
2023-04-05 15:52:00-04:00,464.20001220703125,464.6549987792969,464.20001220703125,464.6549987792969,464.6549987792969,1057
2023-04-05 15:54:00-04:00,464.19000244140625,464.19000244140625,463.9200134277344,463.9200134277344,463.9200134277344,1301
2023-04-05 15:55:00-04:00,463.9100036621094,464.114990234375,463.7099914550781,463.9649963378906,463.9649963378906,959
2023-04-05 15:56:00-04:00,463.70001220703125,463.70001220703125,463.6000061035156,463.67999267578125,463.67999267578125,1704
2023-04-05 15:57:00-04:00,463.5799865722656,463.82000732421875,463.5799865722656,463.82000732421875,463.82000732421875,1613
2023-04-05 15:58:00-04:00,463.6600036621094,463.75,463.6600036621094,463.67999267578125,463.67999267578125,1923
2023-04-05 15:59:00-04:00,463.54998779296875,463.95001220703125,463.54998779296875,463.82501220703125,463.82501220703125,4385
2023-04-06 09:31:00-04:00,462.6099853515625,462.6099853515625,462.6099853515625,462.6099853515625,462.6099853515625,1360
2023-04-06 09:36:00-04:00,462.6449890136719,462.6449890136719,462.6449890136719,462.6449890136719,462.6449890136719,571
2023-04-06 09:47:00-04:00,459.7049865722656,459.7049865722656,459.7049865722656,459.7049865722656,459.7049865722656,636
2023-04-06 09:55:00-04:00,458.8450012207031,458.8450012207031,458.8450012207031,458.8450012207031,458.8450012207031,299
2023-04-06 09:57:00-04:00,459.9949951171875,459.9949951171875,459.9949951171875,459.9949951171875,459.9949951171875,354
2023-04-06 10:00:00-04:00,458.7650146484375,458.7650146484375,458.7650146484375,458.7650146484375,458.7650146484375,293
2023-04-06 10:04:00-04:00,460.0,460.0,460.0,460.0,460.0,291
2023-04-06 10:05:00-04:00,459.2200012207031,459.2200012207031,459.2200012207031,459.2200012207031,459.2200012207031,196
2023-04-06 10:07:00-04:00,459.82000732421875,459.82000732421875,459.82000732421875,459.82000732421875,459.82000732421875,283
2023-04-06 10:12:00-04:00,459.8599853515625,459.8599853515625,459.8599853515625,459.8599853515625,459.8599853515625,256
2023-04-06 10:13:00-04:00,460.0,461.010009765625,460.0,461.010009765625,461.010009765625,571
2023-04-06 10:15:00-04:00,459.7749938964844,459.7749938964844,459.7749938964844,459.7749938964844,459.7749938964844,110
2023-04-06 10:19:00-04:00,460.04998779296875,460.5,460.04998779296875,460.5,460.5,294
2023-04-06 10:20:00-04:00,459.7699890136719,459.7699890136719,459.7699890136719,459.7699890136719,459.7699890136719,825
2023-04-06 10:23:00-04:00,460.12249755859375,460.12249755859375,460.12249755859375,460.12249755859375,460.12249755859375,190
2023-04-06 10:28:00-04:00,460.0,460.135009765625,460.0,460.135009765625,460.135009765625,763
2023-04-06 10:32:00-04:00,460.2200012207031,460.2799987792969,460.20001220703125,460.20001220703125,460.20001220703125,521
2023-04-06 10:36:00-04:00,460.1000061035156,460.1000061035156,460.1000061035156,460.1000061035156,460.1000061035156,238
2023-04-06 10:37:00-04:00,459.3800048828125,459.3800048828125,459.3800048828125,459.3800048828125,459.3800048828125,913
2023-04-06 10:38:00-04:00,458.31500244140625,458.31500244140625,458.31500244140625,458.31500244140625,458.31500244140625,336
2023-04-06 10:41:00-04:00,459.2049865722656,459.2049865722656,459.2049865722656,459.2049865722656,459.2049865722656,580
2023-04-06 10:46:00-04:00,459.17999267578125,460.0400085449219,459.17999267578125,459.2699890136719,459.2699890136719,356
2023-04-06 10:47:00-04:00,459.3999938964844,459.3999938964844,458.6600036621094,458.6600036621094,458.6600036621094,373
2023-04-06 10:48:00-04:00,459.20001220703125,459.8699951171875,458.6300048828125,458.6300048828125,458.6300048828125,1476
2023-04-06 10:49:00-04:00,459.739990234375,459.739990234375,459.739990234375,459.739990234375,459.739990234375,498
2023-04-06 10:57:00-04:00,458.4849853515625,458.5150146484375,456.64678955078125,458.5150146484375,458.5150146484375,1420
2023-04-06 10:58:00-04:00,459.44000244140625,459.82000732421875,459.44000244140625,459.5474853515625,459.5474853515625,1598
2023-04-06 11:00:00-04:00,460.0799865722656,460.2699890136719,460.0799865722656,460.2699890136719,460.2699890136719,295
2023-04-06 11:01:00-04:00,461.0199890136719,461.0199890136719,460.44000244140625,460.44000244140625,460.44000244140625,1197
2023-04-06 11:27:00-04:00,461.1700134277344,461.1700134277344,461.1700134277344,461.1700134277344,461.1700134277344,100
2023-04-06 11:28:00-04:00,461.2099914550781,461.2099914550781,461.2099914550781,461.2099914550781,461.2099914550781,217
2023-04-06 11:32:00-04:00,461.260009765625,462.2650146484375,461.260009765625,462.2650146484375,462.2650146484375,428
2023-04-06 11:33:00-04:00,462.2650146484375,462.3699951171875,462.2650146484375,462.3699951171875,462.3699951171875,511
2023-04-06 11:34:00-04:00,461.70001220703125,461.95001220703125,461.5150146484375,461.5150146484375,461.5150146484375,384
2023-04-06 11:37:00-04:00,462.19000244140625,462.19000244140625,462.19000244140625,462.19000244140625,462.19000244140625,105
2023-04-06 11:38:00-04:00,461.79998779296875,462.0199890136719,461.79998779296875,462.0199890136719,462.0199890136719,674
2023-04-06 11:40:00-04:00,461.80999755859375,462.2300109863281,461.69000244140625,462.2300109863281,462.2300109863281,3185
2023-04-06 11:46:00-04:00,463.0950012207031,463.0950012207031,463.0950012207031,463.0950012207031,463.0950012207031,315
2023-04-06 11:53:00-04:00,461.989990234375,461.989990234375,461.989990234375,461.989990234375,461.989990234375,394
2023-04-06 12:02:00-04:00,461.31500244140625,461.31500244140625,461.31500244140625,461.31500244140625,461.31500244140625,160
2023-04-06 12:04:00-04:00,462.55999755859375,462.69000244140625,461.4100036621094,461.4100036621094,461.4100036621094,754
2023-04-06 12:08:00-04:00,461.95001220703125,461.95001220703125,461.9200134277344,461.9200134277344,461.9200134277344,425
2023-04-06 12:12:00-04:00,462.6400146484375,462.6400146484375,462.6400146484375,462.6400146484375,462.6400146484375,125
2023-04-06 12:14:00-04:00,462.68499755859375,462.68499755859375,462.68499755859375,462.68499755859375,462.68499755859375,275
2023-04-06 12:16:00-04:00,463.385009765625,463.385009765625,463.385009765625,463.385009765625,463.385009765625,102
2023-04-06 12:17:00-04:00,463.3399963378906,463.49200439453125,463.3399963378906,463.49200439453125,463.49200439453125,464
2023-04-06 12:31:00-04:00,463.4049987792969,463.4049987792969,463.4049987792969,463.4049987792969,463.4049987792969,162
2023-04-06 12:33:00-04:00,464.260009765625,465.07000732421875,464.1300048828125,465.07000732421875,465.07000732421875,910
2023-04-06 12:35:00-04:00,465.4100036621094,465.4100036621094,465.4100036621094,465.4100036621094,465.4100036621094,285
2023-04-06 12:43:00-04:00,464.4649963378906,464.4649963378906,464.4649963378906,464.4649963378906,464.4649963378906,212
2023-04-06 12:48:00-04:00,464.44000244140625,464.44000244140625,464.29998779296875,464.29998779296875,464.29998779296875,365
2023-04-06 12:51:00-04:00,464.4800109863281,465.2099914550781,464.4800109863281,465.2099914550781,465.2099914550781,485
2023-04-06 12:52:00-04:00,464.4549865722656,464.4549865722656,464.4549865722656,464.4549865722656,464.4549865722656,423
2023-04-06 12:54:00-04:00,464.0400085449219,464.19000244140625,463.6600036621094,463.6600036621094,463.6600036621094,1598
2023-04-06 12:55:00-04:00,463.7099914550781,463.7099914550781,463.7099914550781,463.7099914550781,463.7099914550781,341
2023-04-06 12:56:00-04:00,463.8500061035156,464.0799865722656,463.8500061035156,463.9200134277344,463.9200134277344,575
2023-04-06 12:57:00-04:00,463.8900146484375,463.8900146484375,463.5899963378906,463.5899963378906,463.5899963378906,675
2023-04-06 12:58:00-04:00,464.0450134277344,464.0450134277344,464.0450134277344,464.0450134277344,464.0450134277344,552
2023-04-06 13:00:00-04:00,463.7699890136719,463.7699890136719,463.57000732421875,463.57000732421875,463.57000732421875,1308
2023-04-06 13:19:00-04:00,462.4599914550781,463.2250061035156,462.4599914550781,463.2250061035156,463.2250061035156,295
2023-04-06 13:26:00-04:00,462.79998779296875,462.79998779296875,462.79998779296875,462.79998779296875,462.79998779296875,809
2023-04-06 13:33:00-04:00,464.2650146484375,464.2650146484375,464.2650146484375,464.2650146484375,464.2650146484375,914
2023-04-06 13:44:00-04:00,463.32000732421875,463.3299865722656,463.32000732421875,463.3299865722656,463.3299865722656,383
2023-04-06 13:50:00-04:00,463.3800048828125,463.3800048828125,463.3800048828125,463.3800048828125,463.3800048828125,125
2023-04-06 13:53:00-04:00,462.7900085449219,462.7900085449219,462.7900085449219,462.7900085449219,462.7900085449219,557
2023-04-06 14:06:00-04:00,463.0299987792969,463.0299987792969,463.0299987792969,463.0299987792969,463.0299987792969,454
2023-04-06 14:17:00-04:00,462.4849853515625,463.3349914550781,462.4849853515625,463.3349914550781,463.3349914550781,293
2023-04-06 14:19:00-04:00,463.7799987792969,463.7799987792969,463.7799987792969,463.7799987792969,463.7799987792969,229
2023-04-06 14:26:00-04:00,462.8500061035156,462.8500061035156,462.8500061035156,462.8500061035156,462.8500061035156,107
2023-04-06 14:27:00-04:00,463.3599853515625,463.3999938964844,463.3599853515625,463.3999938964844,463.3999938964844,826
2023-04-06 14:31:00-04:00,463.7349853515625,463.7349853515625,463.7349853515625,463.7349853515625,463.7349853515625,204
2023-04-06 14:32:00-04:00,463.5400085449219,463.5400085449219,463.5400085449219,463.5400085449219,463.5400085449219,191
2023-04-06 14:34:00-04:00,463.75,463.9599914550781,463.75,463.9599914550781,463.9599914550781,995
2023-04-06 14:39:00-04:00,463.4100036621094,463.4100036621094,463.4100036621094,463.4100036621094,463.4100036621094,426
2023-04-06 14:41:00-04:00,463.0299987792969,463.0299987792969,463.0299987792969,463.0299987792969,463.0299987792969,421
2023-04-06 14:42:00-04:00,463.0,463.260009765625,463.0,463.260009765625,463.260009765625,707
2023-04-06 14:50:00-04:00,463.5799865722656,463.92999267578125,463.5799865722656,463.92999267578125,463.92999267578125,979
2023-04-06 14:51:00-04:00,464.1700134277344,464.1700134277344,464.0799865722656,464.0799865722656,464.0799865722656,867
2023-04-06 14:56:00-04:00,463.54998779296875,463.54998779296875,463.54998779296875,463.54998779296875,463.54998779296875,332
2023-04-06 14:58:00-04:00,463.8299865722656,463.8299865722656,463.8299865722656,463.8299865722656,463.8299865722656,295
2023-04-06 14:59:00-04:00,464.239990234375,464.239990234375,464.239990234375,464.239990234375,464.239990234375,434
2023-04-06 15:04:00-04:00,464.6400146484375,464.6400146484375,464.20001220703125,464.6400146484375,464.6400146484375,470
2023-04-06 15:06:00-04:00,465.29998779296875,465.29998779296875,465.29998779296875,465.29998779296875,465.29998779296875,117
2023-04-06 15:08:00-04:00,465.07000732421875,465.07000732421875,465.07000732421875,465.07000732421875,465.07000732421875,238
2023-04-06 15:11:00-04:00,465.44000244140625,465.44000244140625,465.44000244140625,465.44000244140625,465.44000244140625,480
2023-04-06 15:12:00-04:00,463.8399963378906,464.3399963378906,463.8399963378906,464.3399963378906,464.3399963378906,1163
2023-04-06 15:13:00-04:00,464.93499755859375,464.93499755859375,464.93499755859375,464.93499755859375,464.93499755859375,655
2023-04-06 15:14:00-04:00,464.25,464.25,464.25,464.25,464.25,180
2023-04-06 15:21:00-04:00,465.1099853515625,465.1099853515625,464.2699890136719,464.2699890136719,464.2699890136719,709
2023-04-06 15:28:00-04:00,464.9150085449219,464.9150085449219,464.9150085449219,464.9150085449219,464.9150085449219,231
2023-04-06 15:30:00-04:00,464.4599914550781,465.0799865722656,464.4599914550781,465.0799865722656,465.0799865722656,1512
2023-04-06 15:31:00-04:00,465.1400146484375,465.54998779296875,465.1400146484375,465.54998779296875,465.54998779296875,1043
2023-04-06 15:34:00-04:00,464.989990234375,464.989990234375,464.8999938964844,464.8999938964844,464.8999938964844,605
2023-04-06 15:40:00-04:00,464.739990234375,464.739990234375,464.739990234375,464.739990234375,464.739990234375,431
2023-04-06 15:43:00-04:00,464.7900085449219,464.7900085449219,464.69000244140625,464.69000244140625,464.69000244140625,248
2023-04-06 15:48:00-04:00,464.260009765625,464.3800048828125,464.25,464.3800048828125,464.3800048828125,1317
2023-04-06 15:49:00-04:00,464.5799865722656,464.760009765625,464.5799865722656,464.760009765625,464.760009765625,772
2023-04-06 15:50:00-04:00,464.6300048828125,464.6300048828125,464.3900146484375,464.5,464.5,1417
2023-04-06 15:52:00-04:00,464.3399963378906,464.7200012207031,464.1549987792969,464.4800109863281,464.4800109863281,8591
2023-04-06 15:53:00-04:00,464.0899963378906,464.6000061035156,464.0899963378906,464.4599914550781,464.4599914550781,1845
2023-04-06 15:54:00-04:00,464.75,464.875,464.6050109863281,464.875,464.875,857
2023-04-06 15:55:00-04:00,464.7049865722656,465.95001220703125,464.3599853515625,465.6650085449219,465.6650085449219,6289
2023-04-06 15:56:00-04:00,465.7099914550781,465.9100036621094,465.32000732421875,465.7850036621094,465.7850036621094,3340
2023-04-06 15:57:00-04:00,465.8800048828125,466.19000244140625,465.8800048828125,466.0299987792969,466.0299987792969,1325
2023-04-06 15:58:00-04:00,465.989990234375,466.3299865722656,465.7799987792969,465.79998779296875,465.79998779296875,3282
2023-04-06 15:59:00-04:00,465.82501220703125,466.42999267578125,465.82501220703125,466.42999267578125,466.42999267578125,2512
