Datetime,Open,High,Low,Close,Adj Close,Volume
2023-03-16 09:30:00-04:00,1432.6800537109375,1432.6800537109375,1432.6800537109375,1432.6800537109375,1432.6800537109375,0
2023-03-16 09:31:00-04:00,1421.010009765625,1421.010009765625,1421.010009765625,1421.010009765625,1421.010009765625,923
2023-03-16 09:58:00-04:00,1434.9150390625,1434.9150390625,1434.9150390625,1434.9150390625,1434.9150390625,749
2023-03-16 10:03:00-04:00,1429.4000244140625,1429.4000244140625,1429.4000244140625,1429.4000244140625,1429.4000244140625,491
2023-03-16 10:05:00-04:00,1423.8399658203125,1423.8399658203125,1423.8399658203125,1423.8399658203125,1423.8399658203125,733
2023-03-16 10:08:00-04:00,1422.1600341796875,1422.1600341796875,1422.1600341796875,1422.1600341796875,1422.1600341796875,498
2023-03-16 10:09:00-04:00,1421.1199951171875,1422.4200439453125,1421.1199951171875,1422.4200439453125,1422.4200439453125,713
2023-03-16 10:19:00-04:00,1423.800048828125,1423.800048828125,1422.885009765625,1422.885009765625,1422.885009765625,814
2023-03-16 10:22:00-04:00,1424.4749755859375,1424.4749755859375,1424.4749755859375,1424.4749755859375,1424.4749755859375,384
2023-03-16 10:29:00-04:00,1424.449951171875,1424.449951171875,1424.449951171875,1424.449951171875,1424.449951171875,540
2023-03-16 10:31:00-04:00,1424.010009765625,1424.469970703125,1422.6300048828125,1424.469970703125,1424.469970703125,1423
2023-03-16 10:36:00-04:00,1427.9599609375,1427.9599609375,1427.9599609375,1427.9599609375,1427.9599609375,562
2023-03-16 10:41:00-04:00,1429.0550537109375,1429.0550537109375,1429.0550537109375,1429.0550537109375,1429.0550537109375,1318
2023-03-16 10:46:00-04:00,1431.75,1434.9100341796875,1431.75,1434.9100341796875,1434.9100341796875,597
2023-03-16 10:49:00-04:00,1437.8399658203125,1441.7149658203125,1437.8399658203125,1441.7149658203125,1441.7149658203125,536
2023-03-16 10:50:00-04:00,1441.9300537109375,1441.9300537109375,1441.9300537109375,1441.9300537109375,1441.9300537109375,1196
2023-03-16 11:08:00-04:00,1453.56005859375,1453.56005859375,1453.56005859375,1453.56005859375,1453.56005859375,443
2023-03-16 11:12:00-04:00,1453.0,1453.0,1453.0,1453.0,1453.0,1370
2023-03-16 11:24:00-04:00,1452.8800048828125,1452.8800048828125,1451.530029296875,1451.530029296875,1451.530029296875,858
2023-03-16 11:26:00-04:00,1452.449951171875,1452.449951171875,1450.9300537109375,1450.9300537109375,1450.9300537109375,358
2023-03-16 11:27:00-04:00,1454.06005859375,1455.0,1454.06005859375,1455.0,1455.0,570
2023-03-16 11:28:00-04:00,1452.0849609375,1452.0849609375,1452.0849609375,1452.0849609375,1452.0849609375,835
2023-03-16 11:39:00-04:00,1455.5799560546875,1455.5799560546875,1455.5799560546875,1455.5799560546875,1455.5799560546875,621
2023-03-16 11:44:00-04:00,1455.1600341796875,1456.1400146484375,1455.1600341796875,1456.1400146484375,1456.1400146484375,1220
2023-03-16 11:51:00-04:00,1457.300048828125,1457.31494140625,1457.300048828125,1457.31494140625,1457.31494140625,1447
2023-03-16 12:02:00-04:00,1462.7099609375,1462.7099609375,1461.4100341796875,1461.4100341796875,1461.4100341796875,695
2023-03-16 12:03:00-04:00,1459.3699951171875,1459.3699951171875,1459.3699951171875,1459.3699951171875,1459.3699951171875,952
2023-03-16 12:16:00-04:00,1457.6300048828125,1457.6300048828125,1457.6300048828125,1457.6300048828125,1457.6300048828125,360
2023-03-16 12:22:00-04:00,1454.8499755859375,1454.8499755859375,1454.8499755859375,1454.8499755859375,1454.8499755859375,265
2023-03-16 12:30:00-04:00,1456.31005859375,1456.77001953125,1456.31005859375,1456.77001953125,1456.77001953125,1217
2023-03-16 12:50:00-04:00,1459.75,1459.75,1459.75,1459.75,1459.75,361
2023-03-16 12:53:00-04:00,1462.6300048828125,1462.6300048828125,1462.6300048828125,1462.6300048828125,1462.6300048828125,238
2023-03-16 12:54:00-04:00,1461.5849609375,1461.5849609375,1461.5849609375,1461.5849609375,1461.5849609375,385
2023-03-16 12:59:00-04:00,1461.60498046875,1461.60498046875,1461.60498046875,1461.60498046875,1461.60498046875,545
2023-03-16 13:08:00-04:00,1463.300048828125,1463.300048828125,1463.300048828125,1463.300048828125,1463.300048828125,418
2023-03-16 13:11:00-04:00,1462.5999755859375,1462.8699951171875,1462.5999755859375,1462.8699951171875,1462.8699951171875,622
2023-03-16 13:15:00-04:00,1463.530029296875,1463.530029296875,1463.530029296875,1463.530029296875,1463.530029296875,1141
2023-03-16 13:33:00-04:00,1462.844970703125,1462.844970703125,1462.844970703125,1462.844970703125,1462.844970703125,109
2023-03-16 13:34:00-04:00,1464.14501953125,1464.14501953125,1464.14501953125,1464.14501953125,1464.14501953125,380
2023-03-16 13:36:00-04:00,1460.72216796875,1460.72216796875,1460.72216796875,1460.72216796875,1460.72216796875,1198
2023-03-16 13:37:00-04:00,1463.68505859375,1463.68505859375,1463.68505859375,1463.68505859375,1463.68505859375,384
2023-03-16 13:43:00-04:00,1463.469970703125,1463.469970703125,1463.469970703125,1463.469970703125,1463.469970703125,410
2023-03-16 13:48:00-04:00,1459.0799560546875,1459.0799560546875,1459.0799560546875,1459.0799560546875,1459.0799560546875,209
2023-03-16 13:50:00-04:00,1462.1099853515625,1462.1099853515625,1462.1099853515625,1462.1099853515625,1462.1099853515625,1065
2023-03-16 14:05:00-04:00,1458.800048828125,1458.800048828125,1458.800048828125,1458.800048828125,1458.800048828125,279
2023-03-16 14:09:00-04:00,1459.3499755859375,1459.3499755859375,1459.3499755859375,1459.3499755859375,1459.3499755859375,265
2023-03-16 14:13:00-04:00,1461.31005859375,1461.31005859375,1461.31005859375,1461.31005859375,1461.31005859375,880
2023-03-16 14:19:00-04:00,1462.06494140625,1462.06494140625,1462.06494140625,1462.06494140625,1462.06494140625,164
2023-03-16 14:20:00-04:00,1461.75,1462.0699462890625,1461.75,1462.0699462890625,1462.0699462890625,2047
2023-03-16 14:50:00-04:00,1464.219970703125,1467.094970703125,1463.8299560546875,1467.094970703125,1467.094970703125,2713
2023-03-16 14:59:00-04:00,1470.3299560546875,1470.3299560546875,1470.3299560546875,1470.3299560546875,1470.3299560546875,1184
2023-03-16 15:11:00-04:00,1470.4599609375,1470.4599609375,1470.4599609375,1470.4599609375,1470.4599609375,719
2023-03-16 15:15:00-04:00,1470.7449951171875,1470.8900146484375,1470.7449951171875,1470.8900146484375,1470.8900146484375,2948
2023-03-16 15:32:00-04:00,1476.3299560546875,1477.6400146484375,1476.3299560546875,1477.6400146484375,1477.6400146484375,1995
2023-03-16 15:37:00-04:00,1477.39501953125,1477.39501953125,1477.39501953125,1477.39501953125,1477.39501953125,720
2023-03-16 15:38:00-04:00,1477.81005859375,1477.81005859375,1477.81005859375,1477.81005859375,1477.81005859375,574
2023-03-16 15:41:00-04:00,1474.510009765625,1474.510009765625,1474.510009765625,1474.510009765625,1474.510009765625,109
2023-03-16 15:42:00-04:00,1476.3900146484375,1478.260009765625,1475.9599609375,1475.9599609375,1475.9599609375,1020
2023-03-16 15:43:00-04:00,1476.8599853515625,1476.8599853515625,1476.8599853515625,1476.8599853515625,1476.8599853515625,682
2023-03-16 15:47:00-04:00,1475.260009765625,1477.14501953125,1475.260009765625,1477.14501953125,1477.14501953125,785
2023-03-16 15:49:00-04:00,1473.97998046875,1473.97998046875,1473.97998046875,1473.97998046875,1473.97998046875,842
2023-03-16 15:50:00-04:00,1474.72998046875,1474.72998046875,1474.72998046875,1474.72998046875,1474.72998046875,731
2023-03-16 15:54:00-04:00,1475.7099609375,1475.7099609375,1475.7099609375,1475.7099609375,1475.7099609375,860
2023-03-16 15:55:00-04:00,1473.8800048828125,1474.6650390625,1472.5,1472.5,1472.5,1265
2023-03-16 15:56:00-04:00,1473.0250244140625,1473.052490234375,1473.0250244140625,1473.052490234375,1473.052490234375,704
2023-03-16 15:57:00-04:00,1473.7950439453125,1473.7950439453125,1473.7950439453125,1473.7950439453125,1473.7950439453125,1190
2023-03-16 15:58:00-04:00,1474.780029296875,1474.8599853515625,1472.4100341796875,1472.4100341796875,1472.4100341796875,1031
2023-03-16 15:59:00-04:00,1470.3599853515625,1471.27001953125,1468.27001953125,1471.27001953125,1471.27001953125,3391
2023-03-17 09:30:00-04:00,1467.6600341796875,1467.6600341796875,1467.6600341796875,1467.6600341796875,1467.6600341796875,18871
2023-03-17 09:42:00-04:00,1467.719970703125,1469.47998046875,1467.719970703125,1469.47998046875,1469.47998046875,851
2023-03-17 09:47:00-04:00,1466.8399658203125,1469.18994140625,1465.93505859375,1465.93505859375,1465.93505859375,949
2023-03-17 09:48:00-04:00,1468.3399658203125,1468.3399658203125,1468.3399658203125,1468.3399658203125,1468.3399658203125,120
2023-03-17 09:49:00-04:00,1467.447509765625,1467.447509765625,1463.8375244140625,1463.8375244140625,1463.8375244140625,1093
2023-03-17 09:53:00-04:00,1467.449951171875,1468.780029296875,1467.1600341796875,1468.6300048828125,1468.6300048828125,1159
2023-03-17 09:54:00-04:00,1467.969970703125,1467.969970703125,1467.969970703125,1467.969970703125,1467.969970703125,877
2023-03-17 09:56:00-04:00,1468.7550048828125,1468.7550048828125,1468.7550048828125,1468.7550048828125,1468.7550048828125,407
2023-03-17 09:58:00-04:00,1465.06494140625,1465.06494140625,1465.06494140625,1465.06494140625,1465.06494140625,410
2023-03-17 10:00:00-04:00,1465.89501953125,1467.2900390625,1465.89501953125,1467.2900390625,1467.2900390625,904
2023-03-17 10:02:00-04:00,1471.2900390625,1471.2900390625,1471.2900390625,1471.2900390625,1471.2900390625,1329
2023-03-17 10:13:00-04:00,1464.81005859375,1464.81005859375,1464.81005859375,1464.81005859375,1464.81005859375,1045
2023-03-17 10:20:00-04:00,1464.10498046875,1464.10498046875,1464.10498046875,1464.10498046875,1464.10498046875,315
2023-03-17 10:24:00-04:00,1461.280029296875,1461.280029296875,1461.280029296875,1461.280029296875,1461.280029296875,1299
2023-03-17 10:47:00-04:00,1460.6650390625,1460.6650390625,1460.6650390625,1460.6650390625,1460.6650390625,764
2023-03-17 10:56:00-04:00,1463.3900146484375,1463.3900146484375,1463.3900146484375,1463.3900146484375,1463.3900146484375,168
2023-03-17 10:58:00-04:00,1463.2099609375,1463.4150390625,1463.2099609375,1463.3175048828125,1463.3175048828125,619
2023-03-17 10:59:00-04:00,1461.6700439453125,1461.6700439453125,1461.4849853515625,1461.4849853515625,1461.4849853515625,282
2023-03-17 11:00:00-04:00,1461.0899658203125,1461.0899658203125,1460.7900390625,1460.7900390625,1460.7900390625,727
2023-03-17 11:03:00-04:00,1460.1800537109375,1460.1800537109375,1460.1800537109375,1460.1800537109375,1460.1800537109375,203
2023-03-17 11:04:00-04:00,1460.3900146484375,1460.3900146484375,1460.3900146484375,1460.3900146484375,1460.3900146484375,210
2023-03-17 11:06:00-04:00,1459.8800048828125,1459.8800048828125,1459.8800048828125,1459.8800048828125,1459.8800048828125,373
2023-03-17 11:12:00-04:00,1460.4200439453125,1460.4200439453125,1460.4200439453125,1460.4200439453125,1460.4200439453125,2064
2023-03-17 11:22:00-04:00,1462.6650390625,1462.6650390625,1462.6650390625,1462.6650390625,1462.6650390625,444
2023-03-17 11:23:00-04:00,1460.27001953125,1460.27001953125,1460.27001953125,1460.27001953125,1460.27001953125,1353
2023-03-17 11:26:00-04:00,1457.47998046875,1457.47998046875,1457.47998046875,1457.47998046875,1457.47998046875,636
2023-03-17 11:33:00-04:00,1460.1500244140625,1460.1500244140625,1460.1500244140625,1460.1500244140625,1460.1500244140625,949
2023-03-17 11:40:00-04:00,1455.8699951171875,1455.8699951171875,1455.8699951171875,1455.8699951171875,1455.8699951171875,182
2023-03-17 11:43:00-04:00,1453.0999755859375,1453.0999755859375,1453.0999755859375,1453.0999755859375,1453.0999755859375,2439
2023-03-17 12:04:00-04:00,1457.8499755859375,1457.8499755859375,1457.8499755859375,1457.8499755859375,1457.8499755859375,1432
2023-03-17 12:21:00-04:00,1460.68994140625,1460.68994140625,1460.68994140625,1460.68994140625,1460.68994140625,1055
2023-03-17 12:29:00-04:00,1465.7099609375,1465.7099609375,1465.7099609375,1465.7099609375,1465.7099609375,166
2023-03-17 12:30:00-04:00,1464.25,1464.25,1463.97998046875,1463.97998046875,1463.97998046875,2645
2023-03-17 12:45:00-04:00,1463.530029296875,1463.9000244140625,1463.530029296875,1463.7650146484375,1463.7650146484375,677
2023-03-17 12:49:00-04:00,1462.68994140625,1462.68994140625,1462.68994140625,1462.68994140625,1462.68994140625,1088
2023-03-17 13:06:00-04:00,1463.3900146484375,1463.3900146484375,1463.3900146484375,1463.3900146484375,1463.3900146484375,277
2023-03-17 13:10:00-04:00,1463.699951171875,1463.8299560546875,1463.699951171875,1463.8299560546875,1463.8299560546875,1538
2023-03-17 13:31:00-04:00,1461.8199462890625,1461.8199462890625,1461.8199462890625,1461.8199462890625,1461.8199462890625,535
2023-03-17 13:33:00-04:00,1463.1600341796875,1463.1600341796875,1463.1600341796875,1463.1600341796875,1463.1600341796875,2111
2023-03-17 13:50:00-04:00,1463.800048828125,1468.550048828125,1463.800048828125,1468.550048828125,1468.550048828125,360
2023-03-17 13:53:00-04:00,1464.3199462890625,1464.3199462890625,1464.3199462890625,1464.3199462890625,1464.3199462890625,846
2023-03-17 13:57:00-04:00,1461.8900146484375,1461.8900146484375,1461.8900146484375,1461.8900146484375,1461.8900146484375,1812
2023-03-17 14:16:00-04:00,1459.739990234375,1459.739990234375,1459.739990234375,1459.739990234375,1459.739990234375,766
2023-03-17 14:19:00-04:00,1459.199951171875,1459.199951171875,1459.199951171875,1459.199951171875,1459.199951171875,1437
2023-03-17 14:29:00-04:00,1454.3599853515625,1454.3599853515625,1454.3599853515625,1454.3599853515625,1454.3599853515625,2538
2023-03-17 14:51:00-04:00,1453.239990234375,1453.239990234375,1453.22998046875,1453.22998046875,1453.22998046875,1036
2023-03-17 14:54:00-04:00,1451.4599609375,1455.449951171875,1451.3499755859375,1455.1600341796875,1455.1600341796875,1996
2023-03-17 15:00:00-04:00,1452.25,1452.25,1452.25,1452.25,1452.25,498
2023-03-17 15:10:00-04:00,1453.550048828125,1453.550048828125,1453.550048828125,1453.550048828125,1453.550048828125,717
2023-03-17 15:15:00-04:00,1453.5999755859375,1453.5999755859375,1453.5999755859375,1453.5999755859375,1453.5999755859375,1529
2023-03-17 15:19:00-04:00,1453.06005859375,1453.06005859375,1453.06005859375,1453.06005859375,1453.06005859375,872
2023-03-17 15:25:00-04:00,1454.22998046875,1454.22998046875,1454.22998046875,1454.22998046875,1454.22998046875,786
2023-03-17 15:28:00-04:00,1454.5400390625,1454.5400390625,1454.5400390625,1454.5400390625,1454.5400390625,457
2023-03-17 15:30:00-04:00,1454.3599853515625,1454.3599853515625,1454.3599853515625,1454.3599853515625,1454.3599853515625,544
2023-03-17 15:32:00-04:00,1452.489990234375,1452.489990234375,1452.489990234375,1452.489990234375,1452.489990234375,316
2023-03-17 15:33:00-04:00,1449.9300537109375,1449.9300537109375,1449.9300537109375,1449.9300537109375,1449.9300537109375,327
2023-03-17 15:34:00-04:00,1451.4300537109375,1451.4300537109375,1451.4300537109375,1451.4300537109375,1451.4300537109375,168
2023-03-17 15:35:00-04:00,1451.0699462890625,1451.0699462890625,1451.0699462890625,1451.0699462890625,1451.0699462890625,1455
2023-03-17 15:41:00-04:00,1450.2550048828125,1450.2550048828125,1450.2550048828125,1450.2550048828125,1450.2550048828125,570
2023-03-17 15:43:00-04:00,1448.97998046875,1449.4599609375,1448.4749755859375,1449.4599609375,1449.4599609375,1705
2023-03-17 15:47:00-04:00,1447.3599853515625,1447.3599853515625,1447.3599853515625,1447.3599853515625,1447.3599853515625,1020
2023-03-17 15:50:00-04:00,1447.7099609375,1458.239990234375,1447.7099609375,1458.239990234375,1458.239990234375,3777
2023-03-17 15:51:00-04:00,1455.3599853515625,1455.3599853515625,1455.3599853515625,1455.3599853515625,1455.3599853515625,830
2023-03-17 15:52:00-04:00,1457.64501953125,1457.64501953125,1457.64501953125,1457.64501953125,1457.64501953125,1450
2023-03-17 15:53:00-04:00,1457.2099609375,1457.9599609375,1457.2099609375,1457.9599609375,1457.9599609375,1784
2023-03-17 15:54:00-04:00,1457.2099609375,1458.260009765625,1457.2099609375,1458.260009765625,1458.260009765625,1089
2023-03-17 15:55:00-04:00,1459.4100341796875,1460.9200439453125,1459.4100341796875,1460.9200439453125,1460.9200439453125,1136
2023-03-17 15:56:00-04:00,1458.8699951171875,1458.8699951171875,1453.3699951171875,1453.3699951171875,1453.3699951171875,2613
2023-03-17 15:57:00-04:00,1453.6500244140625,1453.6500244140625,1451.6099853515625,1451.6099853515625,1451.6099853515625,334
2023-03-17 15:58:00-04:00,1454.27001953125,1454.27001953125,1453.300048828125,1453.300048828125,1453.300048828125,744
2023-03-17 15:59:00-04:00,1454.219970703125,1455.93994140625,1453.6400146484375,1455.6700439453125,1455.6700439453125,2077
2023-03-20 09:30:00-04:00,1457.1300048828125,1457.1300048828125,1457.1300048828125,1457.1300048828125,1457.1300048828125,564
2023-03-20 09:32:00-04:00,1457.5899658203125,1457.5899658203125,1457.5899658203125,1457.5899658203125,1457.5899658203125,1056
2023-03-20 09:53:00-04:00,1464.5050048828125,1464.5050048828125,1464.5050048828125,1464.5050048828125,1464.5050048828125,233
2023-03-20 09:56:00-04:00,1467.06005859375,1467.06005859375,1467.06005859375,1467.06005859375,1467.06005859375,330
2023-03-20 09:59:00-04:00,1465.6500244140625,1465.6500244140625,1465.6500244140625,1465.6500244140625,1465.6500244140625,314
2023-03-20 10:03:00-04:00,1467.300048828125,1467.300048828125,1466.9100341796875,1466.9100341796875,1466.9100341796875,866
2023-03-20 10:08:00-04:00,1465.800048828125,1465.800048828125,1465.7900390625,1465.7900390625,1465.7900390625,854
2023-03-20 10:11:00-04:00,1464.25,1464.25,1464.25,1464.25,1464.25,1029
2023-03-20 10:20:00-04:00,1466.260009765625,1466.260009765625,1466.260009765625,1466.260009765625,1466.260009765625,168
2023-03-20 10:24:00-04:00,1468.300048828125,1468.489990234375,1468.300048828125,1468.489990234375,1468.489990234375,1443
2023-03-20 10:46:00-04:00,1470.199951171875,1470.3199462890625,1470.199951171875,1470.3199462890625,1470.3199462890625,333
2023-03-20 10:47:00-04:00,1473.0400390625,1473.0400390625,1473.0400390625,1473.0400390625,1473.0400390625,671
2023-03-20 10:50:00-04:00,1473.3900146484375,1473.3900146484375,1473.3900146484375,1473.3900146484375,1473.3900146484375,938
2023-03-20 11:16:00-04:00,1473.81005859375,1474.5799560546875,1473.4100341796875,1474.5799560546875,1474.5799560546875,595
2023-03-20 11:17:00-04:00,1472.3800048828125,1472.3800048828125,1472.3800048828125,1472.3800048828125,1472.3800048828125,398
2023-03-20 11:19:00-04:00,1473.6099853515625,1473.6099853515625,1473.6099853515625,1473.6099853515625,1473.6099853515625,600
2023-03-20 11:23:00-04:00,1474.8599853515625,1474.8599853515625,1474.8599853515625,1474.8599853515625,1474.8599853515625,1847
2023-03-20 11:50:00-04:00,1471.949951171875,1471.949951171875,1471.949951171875,1471.949951171875,1471.949951171875,483
2023-03-20 11:52:00-04:00,1470.5999755859375,1470.5999755859375,1470.5999755859375,1470.5999755859375,1470.5999755859375,102
2023-03-20 11:53:00-04:00,1469.75,1469.75,1469.75,1469.75,1469.75,462
2023-03-20 12:01:00-04:00,1464.8800048828125,1464.8800048828125,1464.8800048828125,1464.8800048828125,1464.8800048828125,264
2023-03-20 12:05:00-04:00,1468.3800048828125,1468.3800048828125,1468.3800048828125,1468.3800048828125,1468.3800048828125,412
2023-03-20 12:12:00-04:00,1465.050048828125,1465.050048828125,1465.050048828125,1465.050048828125,1465.050048828125,1165
2023-03-20 12:14:00-04:00,1461.6300048828125,1461.6300048828125,1461.6300048828125,1461.6300048828125,1461.6300048828125,510
2023-03-20 12:20:00-04:00,1461.81005859375,1461.81005859375,1461.81005859375,1461.81005859375,1461.81005859375,177
2023-03-20 12:21:00-04:00,1465.0899658203125,1465.0899658203125,1465.0899658203125,1465.0899658203125,1465.0899658203125,519
2023-03-20 12:22:00-04:00,1467.530029296875,1467.530029296875,1467.530029296875,1467.530029296875,1467.530029296875,1258
2023-03-20 12:34:00-04:00,1468.739990234375,1468.8599853515625,1468.739990234375,1468.8599853515625,1468.8599853515625,1006
2023-03-20 12:38:00-04:00,1467.1700439453125,1467.1700439453125,1467.1700439453125,1467.1700439453125,1467.1700439453125,3180
2023-03-20 13:08:00-04:00,1470.6099853515625,1470.6099853515625,1470.56005859375,1470.6099853515625,1470.6099853515625,939
2023-03-20 13:17:00-04:00,1471.7325439453125,1471.7325439453125,1471.7325439453125,1471.7325439453125,1471.7325439453125,2984
2023-03-20 14:13:00-04:00,1471.25,1471.5799560546875,1471.25,1471.3800048828125,1471.3800048828125,543
2023-03-20 14:16:00-04:00,1471.22998046875,1471.22998046875,1470.81005859375,1470.81005859375,1470.81005859375,751
2023-03-20 14:22:00-04:00,1472.3499755859375,1472.3599853515625,1472.3499755859375,1472.3599853515625,1472.3599853515625,820
2023-03-20 14:31:00-04:00,1471.77001953125,1471.77001953125,1471.77001953125,1471.77001953125,1471.77001953125,332
2023-03-20 14:36:00-04:00,1471.4200439453125,1471.4200439453125,1470.5250244140625,1470.5250244140625,1470.5250244140625,552
2023-03-20 14:39:00-04:00,1469.239990234375,1469.239990234375,1469.199951171875,1469.199951171875,1469.199951171875,1714
2023-03-20 14:45:00-04:00,1468.68994140625,1468.68994140625,1468.68994140625,1468.68994140625,1468.68994140625,741
2023-03-20 15:06:00-04:00,1469.8299560546875,1469.8299560546875,1469.8299560546875,1469.8299560546875,1469.8299560546875,299
2023-03-20 15:12:00-04:00,1469.9000244140625,1469.9000244140625,1469.9000244140625,1469.9000244140625,1469.9000244140625,368
2023-03-20 15:14:00-04:00,1470.5,1470.6199951171875,1469.4150390625,1470.6199951171875,1470.6199951171875,869
2023-03-20 15:21:00-04:00,1470.4749755859375,1471.5,1470.4749755859375,1470.969970703125,1470.969970703125,1239
2023-03-20 15:23:00-04:00,1471.050048828125,1471.050048828125,1471.050048828125,1471.050048828125,1471.050048828125,850
2023-03-20 15:25:00-04:00,1473.125,1473.125,1473.125,1473.125,1473.125,893
2023-03-20 15:32:00-04:00,1474.9000244140625,1475.6199951171875,1474.9000244140625,1475.6199951171875,1475.6199951171875,1296
2023-03-20 15:41:00-04:00,1477.81005859375,1479.6500244140625,1477.81005859375,1479.6500244140625,1479.6500244140625,1034
2023-03-20 15:45:00-04:00,1478.8699951171875,1478.8699951171875,1478.3699951171875,1478.3699951171875,1478.3699951171875,565
2023-03-20 15:52:00-04:00,1477.56494140625,1478.280029296875,1477.56494140625,1478.280029296875,1478.280029296875,2265
2023-03-20 15:56:00-04:00,1475.9599609375,1475.9599609375,1475.949951171875,1475.949951171875,1475.949951171875,828
2023-03-20 15:59:00-04:00,1476.010009765625,1476.9300537109375,1474.239990234375,1474.239990234375,1474.239990234375,2607
2023-03-21 09:30:00-04:00,1487.9599609375,1487.9599609375,1487.9599609375,1487.9599609375,1487.9599609375,1245
2023-03-21 09:51:00-04:00,1495.0,1495.0,1493.864990234375,1493.864990234375,1493.864990234375,382
2023-03-21 09:53:00-04:00,1495.0,1495.02001953125,1495.0,1495.02001953125,1495.02001953125,569
2023-03-21 09:59:00-04:00,1495.0,1495.0,1495.0,1495.0,1495.0,245
2023-03-21 10:04:00-04:00,1495.1800537109375,1495.1800537109375,1484.68994140625,1491.3399658203125,1491.3399658203125,1573
2023-03-21 10:05:00-04:00,1492.0699462890625,1492.0699462890625,1488.2900390625,1490.3900146484375,1490.3900146484375,485
2023-03-21 10:07:00-04:00,1487.8900146484375,1487.8900146484375,1484.9200439453125,1484.9200439453125,1484.9200439453125,579
2023-03-21 10:10:00-04:00,1490.3399658203125,1490.449951171875,1488.6400146484375,1488.6400146484375,1488.6400146484375,868
2023-03-21 10:15:00-04:00,1485.2900390625,1485.2900390625,1483.0,1483.0,1483.0,331
2023-03-21 10:20:00-04:00,1484.1500244140625,1484.1500244140625,1479.550048828125,1479.550048828125,1479.550048828125,717
2023-03-21 10:21:00-04:00,1482.1600341796875,1482.1600341796875,1482.1600341796875,1482.1600341796875,1482.1600341796875,171
2023-03-21 10:23:00-04:00,1479.6824951171875,1479.6824951171875,1479.6824951171875,1479.6824951171875,1479.6824951171875,222
2023-03-21 10:25:00-04:00,1478.5999755859375,1478.5999755859375,1478.5999755859375,1478.5999755859375,1478.5999755859375,368
2023-03-21 10:28:00-04:00,1478.719970703125,1478.719970703125,1475.8199462890625,1475.8199462890625,1475.8199462890625,656
2023-03-21 10:34:00-04:00,1477.989990234375,1477.989990234375,1477.989990234375,1477.989990234375,1477.989990234375,141
2023-03-21 10:35:00-04:00,1478.0350341796875,1478.0350341796875,1478.0350341796875,1478.0350341796875,1478.0350341796875,285
2023-03-21 10:36:00-04:00,1478.18994140625,1478.18994140625,1477.4599609375,1477.52001953125,1477.52001953125,1697
2023-03-21 11:00:00-04:00,1477.52001953125,1477.52001953125,1477.52001953125,1477.52001953125,1477.52001953125,493
2023-03-21 11:03:00-04:00,1476.739990234375,1476.739990234375,1476.739990234375,1476.739990234375,1476.739990234375,539
2023-03-21 11:07:00-04:00,1476.070068359375,1476.070068359375,1476.070068359375,1476.070068359375,1476.070068359375,216
2023-03-21 11:10:00-04:00,1474.469970703125,1476.510009765625,1474.469970703125,1476.510009765625,1476.510009765625,1118
2023-03-21 11:15:00-04:00,1481.0699462890625,1481.0699462890625,1481.0699462890625,1481.0699462890625,1481.0699462890625,633
2023-03-21 11:21:00-04:00,1484.8189697265625,1484.8189697265625,1484.0400390625,1484.0400390625,1484.0400390625,593
2023-03-21 11:28:00-04:00,1484.719970703125,1484.8199462890625,1484.719970703125,1484.8199462890625,1484.8199462890625,2009
2023-03-21 11:42:00-04:00,1483.780029296875,1483.780029296875,1478.9100341796875,1482.02001953125,1482.02001953125,936
2023-03-21 11:46:00-04:00,1483.8399658203125,1483.8399658203125,1483.8399658203125,1483.8399658203125,1483.8399658203125,469
2023-03-21 11:56:00-04:00,1481.8199462890625,1481.8199462890625,1481.8199462890625,1481.8199462890625,1481.8199462890625,176
2023-03-21 11:58:00-04:00,1481.5799560546875,1481.5799560546875,1481.5799560546875,1481.5799560546875,1481.5799560546875,846
2023-03-21 12:04:00-04:00,1480.4300537109375,1480.4300537109375,1480.4300537109375,1480.4300537109375,1480.4300537109375,521
2023-03-21 12:12:00-04:00,1480.260009765625,1480.260009765625,1480.260009765625,1480.260009765625,1480.260009765625,728
2023-03-21 12:25:00-04:00,1477.6199951171875,1477.6199951171875,1477.6199951171875,1477.6199951171875,1477.6199951171875,198
2023-03-21 12:27:00-04:00,1479.1400146484375,1479.1400146484375,1477.9000244140625,1477.9000244140625,1477.9000244140625,769
2023-03-21 12:39:00-04:00,1476.489990234375,1476.489990234375,1475.8399658203125,1475.8399658203125,1475.8399658203125,1003
2023-03-21 12:43:00-04:00,1475.074951171875,1475.074951171875,1475.074951171875,1475.074951171875,1475.074951171875,816
2023-03-21 12:56:00-04:00,1479.1099853515625,1479.1099853515625,1479.1099853515625,1479.1099853515625,1479.1099853515625,662
2023-03-21 13:01:00-04:00,1479.050048828125,1479.050048828125,1477.6800537109375,1477.6800537109375,1477.6800537109375,1205
2023-03-21 13:06:00-04:00,1477.8399658203125,1477.8399658203125,1476.3199462890625,1476.3199462890625,1476.3199462890625,1299
2023-03-21 13:10:00-04:00,1480.72998046875,1480.72998046875,1480.72998046875,1480.72998046875,1480.72998046875,446
2023-03-21 13:17:00-04:00,1480.0799560546875,1480.0799560546875,1477.4100341796875,1479.0400390625,1479.0400390625,481
2023-03-21 13:18:00-04:00,1478.1800537109375,1478.1800537109375,1478.1800537109375,1478.1800537109375,1478.1800537109375,644
2023-03-21 13:33:00-04:00,1480.31005859375,1483.5350341796875,1480.31005859375,1483.5350341796875,1483.5350341796875,1244
2023-03-21 13:36:00-04:00,1483.3199462890625,1483.3199462890625,1483.3199462890625,1483.3199462890625,1483.3199462890625,232
2023-03-21 13:41:00-04:00,1482.1500244140625,1482.1500244140625,1479.8900146484375,1479.8900146484375,1479.8900146484375,377
2023-03-21 13:50:00-04:00,1479.8900146484375,1479.8900146484375,1477.4200439453125,1478.1300048828125,1478.1300048828125,1069
2023-03-21 13:56:00-04:00,1479.0350341796875,1479.0350341796875,1479.0350341796875,1479.0350341796875,1479.0350341796875,288
2023-03-21 13:57:00-04:00,1477.4300537109375,1477.4300537109375,1477.4100341796875,1477.4100341796875,1477.4100341796875,866
2023-03-21 14:01:00-04:00,1480.5799560546875,1480.5799560546875,1480.5799560546875,1480.5799560546875,1480.5799560546875,777
2023-03-21 14:09:00-04:00,1480.550048828125,1482.2750244140625,1477.8599853515625,1480.530029296875,1480.530029296875,1278
2023-03-21 14:12:00-04:00,1481.7650146484375,1481.7650146484375,1480.5699462890625,1480.5699462890625,1480.5699462890625,853
2023-03-21 14:17:00-04:00,1482.8299560546875,1482.8299560546875,1482.8299560546875,1482.8299560546875,1482.8299560546875,269
2023-03-21 14:18:00-04:00,1482.02001953125,1482.22998046875,1482.02001953125,1482.14501953125,1482.14501953125,464
2023-03-21 14:19:00-04:00,1482.0,1482.0,1480.7550048828125,1481.550048828125,1481.550048828125,1380
2023-03-21 14:20:00-04:00,1481.5400390625,1482.5899658203125,1481.5400390625,1482.5899658203125,1482.5899658203125,836
2023-03-21 14:24:00-04:00,1483.7900390625,1483.7900390625,1483.7900390625,1483.7900390625,1483.7900390625,356
2023-03-21 14:34:00-04:00,1484.469970703125,1484.469970703125,1484.469970703125,1484.469970703125,1484.469970703125,310
2023-03-21 14:36:00-04:00,1487.1600341796875,1487.1600341796875,1487.1600341796875,1487.1600341796875,1487.1600341796875,773
2023-03-21 14:39:00-04:00,1486.239990234375,1488.4949951171875,1486.0699462890625,1486.0699462890625,1486.0699462890625,1356
2023-03-21 14:40:00-04:00,1488.405029296875,1488.405029296875,1488.405029296875,1488.405029296875,1488.405029296875,996
2023-03-21 14:54:00-04:00,1489.530029296875,1489.530029296875,1489.530029296875,1489.530029296875,1489.530029296875,241
2023-03-21 14:56:00-04:00,1490.739990234375,1490.739990234375,1490.22998046875,1490.22998046875,1490.22998046875,611
2023-03-21 14:59:00-04:00,1492.864990234375,1492.864990234375,1492.780029296875,1492.780029296875,1492.780029296875,321
2023-03-21 15:00:00-04:00,1492.5400390625,1492.5400390625,1492.5400390625,1492.5400390625,1492.5400390625,120
2023-03-21 15:01:00-04:00,1492.1650390625,1492.72998046875,1492.1650390625,1492.72998046875,1492.72998046875,523
2023-03-21 15:05:00-04:00,1495.030029296875,1495.030029296875,1495.030029296875,1495.030029296875,1495.030029296875,161
2023-03-21 15:06:00-04:00,1494.8399658203125,1494.8399658203125,1494.8399658203125,1494.8399658203125,1494.8399658203125,816
2023-03-21 15:13:00-04:00,1497.8199462890625,1498.39501953125,1497.3299560546875,1498.260009765625,1498.260009765625,1169
2023-03-21 15:17:00-04:00,1498.68994140625,1498.68994140625,1498.68994140625,1498.68994140625,1498.68994140625,868
2023-03-21 15:24:00-04:00,1496.3299560546875,1496.9200439453125,1496.3299560546875,1496.8299560546875,1496.8299560546875,690
2023-03-21 15:25:00-04:00,1496.780029296875,1496.780029296875,1496.43994140625,1496.68994140625,1496.68994140625,1124
2023-03-21 15:28:00-04:00,1496.18994140625,1496.18994140625,1496.18994140625,1496.18994140625,1496.18994140625,505
2023-03-21 15:31:00-04:00,1496.18994140625,1497.510009765625,1496.18994140625,1496.4449462890625,1496.4449462890625,1101
2023-03-21 15:33:00-04:00,1494.8699951171875,1495.5999755859375,1494.8699951171875,1495.5999755859375,1495.5999755859375,1589
2023-03-21 15:34:00-04:00,1495.4649658203125,1495.5999755859375,1495.239990234375,1495.5999755859375,1495.5999755859375,1530
2023-03-21 15:35:00-04:00,1495.5999755859375,1495.5999755859375,1495.5999755859375,1495.5999755859375,1495.5999755859375,257
2023-03-21 15:36:00-04:00,1495.5999755859375,1495.5999755859375,1495.5999755859375,1495.5999755859375,1495.5999755859375,569
2023-03-21 15:37:00-04:00,1495.6949462890625,1496.3399658203125,1495.60498046875,1495.9649658203125,1495.9649658203125,991
2023-03-21 15:39:00-04:00,1495.969970703125,1497.0699462890625,1495.9649658203125,1497.0699462890625,1497.0699462890625,1123
2023-03-21 15:40:00-04:00,1496.5150146484375,1496.5150146484375,1496.5150146484375,1496.5150146484375,1496.5150146484375,604
2023-03-21 15:44:00-04:00,1498.739990234375,1498.739990234375,1498.739990234375,1498.739990234375,1498.739990234375,122
2023-03-21 15:48:00-04:00,1497.43994140625,1497.43994140625,1497.3800048828125,1497.3800048828125,1497.3800048828125,1446
2023-03-21 15:49:00-04:00,1495.8699951171875,1495.8699951171875,1495.8699951171875,1495.8699951171875,1495.8699951171875,700
2023-03-21 15:50:00-04:00,1494.8800048828125,1494.8800048828125,1494.8800048828125,1494.8800048828125,1494.8800048828125,279
2023-03-21 15:51:00-04:00,1495.31005859375,1495.31005859375,1495.31005859375,1495.31005859375,1495.31005859375,408
2023-03-21 15:52:00-04:00,1495.074951171875,1496.3399658203125,1495.074951171875,1495.47998046875,1495.47998046875,1493
2023-03-21 15:53:00-04:00,1495.7249755859375,1495.72998046875,1495.7249755859375,1495.72998046875,1495.72998046875,482
2023-03-21 15:55:00-04:00,1495.31005859375,1496.199951171875,1494.280029296875,1496.199951171875,1496.199951171875,857
2023-03-21 15:56:00-04:00,1494.1700439453125,1495.8699951171875,1494.1700439453125,1495.8699951171875,1495.8699951171875,1503
2023-03-21 15:57:00-04:00,1495.7850341796875,1498.280029296875,1495.7850341796875,1498.280029296875,1498.280029296875,2508
2023-03-21 15:58:00-04:00,1498.0699462890625,1498.0699462890625,1498.0699462890625,1498.0699462890625,1498.0699462890625,992
2023-03-21 15:59:00-04:00,1497.7950439453125,1500.22998046875,1497.7750244140625,1500.030029296875,1500.030029296875,4278
2023-03-22 09:30:00-04:00,1492.3800048828125,1492.3800048828125,1489.1500244140625,1489.1500244140625,1489.1500244140625,693
2023-03-22 09:31:00-04:00,1492.7750244140625,1499.35498046875,1492.75,1492.75,1492.75,900
2023-03-22 09:32:00-04:00,1492.75,1492.75,1492.75,1492.75,1492.75,497
2023-03-22 09:34:00-04:00,1489.7900390625,1489.7900390625,1483.1199951171875,1484.27001953125,1484.27001953125,1404
2023-03-22 09:35:00-04:00,1484.7650146484375,1484.7900390625,1484.280029296875,1484.280029296875,1484.280029296875,742
2023-03-22 09:36:00-04:00,1484.739990234375,1484.739990234375,1484.739990234375,1484.739990234375,1484.739990234375,110
2023-03-22 09:37:00-04:00,1484.739990234375,1489.0,1484.739990234375,1488.0,1488.0,956
2023-03-22 09:38:00-04:00,1488.0,1490.0,1488.0,1488.449951171875,1488.449951171875,1391
2023-03-22 09:39:00-04:00,1486.9599609375,1486.9599609375,1486.550048828125,1486.550048828125,1486.550048828125,938
2023-03-22 09:40:00-04:00,1489.0,1492.449951171875,1489.0,1492.449951171875,1492.449951171875,584
2023-03-22 09:41:00-04:00,1489.425048828125,1489.849853515625,1489.425048828125,1489.849853515625,1489.849853515625,325
2023-03-22 09:43:00-04:00,1485.14501953125,1485.14501953125,1484.77001953125,1484.77001953125,1484.77001953125,320
2023-03-22 09:44:00-04:00,1484.6700439453125,1484.6700439453125,1481.0799560546875,1481.0799560546875,1481.0799560546875,1270
2023-03-22 09:54:00-04:00,1489.4100341796875,1489.4100341796875,1489.4100341796875,1489.4100341796875,1489.4100341796875,685
2023-03-22 10:02:00-04:00,1494.3299560546875,1494.3299560546875,1494.3299560546875,1494.3299560546875,1494.3299560546875,661
2023-03-22 10:08:00-04:00,1496.0999755859375,1496.0999755859375,1496.0999755859375,1496.0999755859375,1496.0999755859375,1134
2023-03-22 10:17:00-04:00,1501.06005859375,1501.06005859375,1501.06005859375,1501.06005859375,1501.06005859375,1274
2023-03-22 10:29:00-04:00,1511.050048828125,1511.050048828125,1511.050048828125,1511.050048828125,1511.050048828125,292
2023-03-22 10:31:00-04:00,1508.5999755859375,1508.5999755859375,1508.5999755859375,1508.5999755859375,1508.5999755859375,333
2023-03-22 10:32:00-04:00,1510.300048828125,1510.300048828125,1510.300048828125,1510.300048828125,1510.300048828125,220
2023-03-22 10:36:00-04:00,1505.9300537109375,1506.719970703125,1505.9300537109375,1506.719970703125,1506.719970703125,2253
2023-03-22 10:49:00-04:00,1506.6300048828125,1506.6300048828125,1506.6300048828125,1506.6300048828125,1506.6300048828125,602
2023-03-22 10:56:00-04:00,1504.8900146484375,1504.8900146484375,1504.8900146484375,1504.8900146484375,1504.8900146484375,155
2023-03-22 10:59:00-04:00,1501.9849853515625,1501.9849853515625,1501.824951171875,1501.824951171875,1501.824951171875,1164
2023-03-22 11:11:00-04:00,1501.2900390625,1501.2900390625,1501.2900390625,1501.2900390625,1501.2900390625,873
2023-03-22 11:20:00-04:00,1499.2900390625,1500.4000244140625,1499.2900390625,1500.4000244140625,1500.4000244140625,820
2023-03-22 11:28:00-04:00,1500.375,1500.375,1500.375,1500.375,1500.375,1475
2023-03-22 11:45:00-04:00,1503.52001953125,1503.52001953125,1503.52001953125,1503.52001953125,1503.52001953125,1490
2023-03-22 12:07:00-04:00,1501.12744140625,1501.12744140625,1501.12744140625,1501.12744140625,1501.12744140625,308
2023-03-22 12:09:00-04:00,1499.625,1499.625,1499.625,1499.625,1499.625,142
2023-03-22 12:11:00-04:00,1499.9849853515625,1499.9849853515625,1499.9849853515625,1499.9849853515625,1499.9849853515625,671
2023-03-22 12:16:00-04:00,1497.800048828125,1497.800048828125,1497.800048828125,1497.800048828125,1497.800048828125,710
2023-03-22 12:23:00-04:00,1496.489990234375,1496.489990234375,1496.489990234375,1496.489990234375,1496.489990234375,1159
2023-03-22 12:29:00-04:00,1497.6700439453125,1497.6700439453125,1497.6700439453125,1497.6700439453125,1497.6700439453125,226
2023-03-22 12:31:00-04:00,1496.0799560546875,1496.0799560546875,1496.0799560546875,1496.0799560546875,1496.0799560546875,208
2023-03-22 12:34:00-04:00,1493.094970703125,1493.1424560546875,1493.094970703125,1493.1424560546875,1493.1424560546875,383
2023-03-22 12:44:00-04:00,1492.6800537109375,1492.6800537109375,1492.6600341796875,1492.6800537109375,1492.6800537109375,658
2023-03-22 12:49:00-04:00,1490.31005859375,1490.31005859375,1490.31005859375,1490.31005859375,1490.31005859375,233
2023-03-22 12:54:00-04:00,1491.0400390625,1491.0400390625,1491.0400390625,1491.0400390625,1491.0400390625,1007
2023-03-22 12:58:00-04:00,1487.530029296875,1487.530029296875,1487.530029296875,1487.530029296875,1487.530029296875,595
2023-03-22 13:13:00-04:00,1489.3699951171875,1489.3699951171875,1488.68994140625,1488.68994140625,1488.68994140625,426
2023-03-22 13:22:00-04:00,1485.780029296875,1485.780029296875,1485.780029296875,1485.780029296875,1485.780029296875,1616
2023-03-22 13:23:00-04:00,1487.030029296875,1487.030029296875,1487.030029296875,1487.030029296875,1487.030029296875,833
2023-03-22 13:34:00-04:00,1487.43994140625,1487.43994140625,1487.43994140625,1487.43994140625,1487.43994140625,376
2023-03-22 13:35:00-04:00,1486.675048828125,1486.675048828125,1486.675048828125,1486.675048828125,1486.675048828125,192
2023-03-22 13:38:00-04:00,1486.675048828125,1486.675048828125,1486.675048828125,1486.675048828125,1486.675048828125,568
2023-03-22 13:48:00-04:00,1485.0050048828125,1485.0050048828125,1485.0050048828125,1485.0050048828125,1485.0050048828125,466
2023-03-22 13:49:00-04:00,1482.02001953125,1482.02001953125,1482.02001953125,1482.02001953125,1482.02001953125,137
2023-03-22 13:51:00-04:00,1482.9649658203125,1482.9649658203125,1482.9649658203125,1482.9649658203125,1482.9649658203125,255
2023-03-22 13:53:00-04:00,1483.699951171875,1483.699951171875,1483.699951171875,1483.699951171875,1483.699951171875,363
2023-03-22 13:54:00-04:00,1484.6600341796875,1484.6600341796875,1482.550048828125,1482.550048828125,1482.550048828125,211
2023-03-22 13:56:00-04:00,1483.27001953125,1483.27001953125,1483.27001953125,1483.27001953125,1483.27001953125,577
2023-03-22 14:00:00-04:00,1482.5450439453125,1484.52001953125,1482.5450439453125,1484.3599853515625,1484.3599853515625,1153
2023-03-22 14:04:00-04:00,1489.969970703125,1491.219970703125,1486.550048828125,1490.5799560546875,1490.5799560546875,1591
2023-03-22 14:05:00-04:00,1491.8900146484375,1494.8499755859375,1491.8900146484375,1492.550048828125,1492.550048828125,442
2023-03-22 14:08:00-04:00,1495.4599609375,1495.5999755859375,1494.0999755859375,1495.5999755859375,1495.5999755859375,757
2023-03-22 14:10:00-04:00,1492.300048828125,1492.300048828125,1492.300048828125,1492.300048828125,1492.300048828125,423
2023-03-22 14:14:00-04:00,1491.1300048828125,1491.1300048828125,1485.6300048828125,1485.6300048828125,1485.6300048828125,1109
2023-03-22 14:19:00-04:00,1490.0,1490.0,1488.4300537109375,1488.4300537109375,1488.4300537109375,1192
2023-03-22 14:23:00-04:00,1487.8299560546875,1487.8299560546875,1487.8299560546875,1487.8299560546875,1487.8299560546875,484
2023-03-22 14:31:00-04:00,1483.1500244140625,1483.1500244140625,1483.1500244140625,1483.1500244140625,1483.1500244140625,931
2023-03-22 14:35:00-04:00,1482.489990234375,1482.489990234375,1482.489990234375,1482.489990234375,1482.489990234375,347
2023-03-22 14:36:00-04:00,1480.4599609375,1481.989990234375,1480.4599609375,1481.989990234375,1481.989990234375,446
2023-03-22 14:37:00-04:00,1482.02001953125,1482.02001953125,1482.02001953125,1482.02001953125,1482.02001953125,1378
2023-03-22 14:42:00-04:00,1494.1300048828125,1494.1300048828125,1494.1099853515625,1494.1099853515625,1494.1099853515625,365
2023-03-22 14:46:00-04:00,1493.050048828125,1493.1099853515625,1492.719970703125,1492.8824462890625,1492.8824462890625,964
2023-03-22 14:48:00-04:00,1492.6600341796875,1492.6600341796875,1492.6300048828125,1492.6300048828125,1492.6300048828125,568
2023-03-22 14:50:00-04:00,1491.5,1491.5,1486.6800537109375,1489.300048828125,1489.300048828125,787
2023-03-22 14:52:00-04:00,1485.22998046875,1485.22998046875,1485.22998046875,1485.22998046875,1485.22998046875,171
2023-03-22 14:53:00-04:00,1490.967529296875,1491.074951171875,1485.56005859375,1486.8299560546875,1486.8299560546875,761
2023-03-22 14:54:00-04:00,1489.3800048828125,1489.3800048828125,1481.260009765625,1481.260009765625,1481.260009765625,809
2023-03-22 14:55:00-04:00,1483.7149658203125,1483.7149658203125,1483.7149658203125,1483.7149658203125,1483.7149658203125,459
2023-03-22 14:58:00-04:00,1480.9300537109375,1480.9300537109375,1477.3599853515625,1477.3599853515625,1477.3599853515625,328
2023-03-22 15:01:00-04:00,1474.7900390625,1474.7900390625,1474.6800537109375,1474.6800537109375,1474.6800537109375,809
2023-03-22 15:05:00-04:00,1473.68994140625,1473.68994140625,1472.114990234375,1472.114990234375,1472.114990234375,689
2023-03-22 15:08:00-04:00,1468.0999755859375,1468.0999755859375,1468.0999755859375,1468.0999755859375,1468.0999755859375,225
2023-03-22 15:09:00-04:00,1466.199951171875,1469.0999755859375,1462.0699462890625,1462.0699462890625,1462.0699462890625,1120
2023-03-22 15:10:00-04:00,1466.0450439453125,1469.2099609375,1466.0450439453125,1469.2099609375,1469.2099609375,1609
2023-03-22 15:14:00-04:00,1472.6800537109375,1474.5799560546875,1472.6800537109375,1474.5799560546875,1474.5799560546875,629
2023-03-22 15:15:00-04:00,1475.3599853515625,1475.6400146484375,1473.39501953125,1473.39501953125,1473.39501953125,1851
2023-03-22 15:22:00-04:00,1484.739990234375,1484.739990234375,1484.739990234375,1484.739990234375,1484.739990234375,339
2023-03-22 15:24:00-04:00,1481.97998046875,1481.97998046875,1481.97998046875,1481.97998046875,1481.97998046875,239
2023-03-22 15:26:00-04:00,1489.1500244140625,1489.1500244140625,1489.1500244140625,1489.1500244140625,1489.1500244140625,1120
2023-03-22 15:28:00-04:00,1480.780029296875,1480.780029296875,1480.780029296875,1480.780029296875,1480.780029296875,1073
2023-03-22 15:32:00-04:00,1476.300048828125,1476.300048828125,1476.300048828125,1476.300048828125,1476.300048828125,368
2023-03-22 15:36:00-04:00,1474.800048828125,1476.094970703125,1471.780029296875,1471.780029296875,1471.780029296875,433
2023-03-22 15:37:00-04:00,1474.010009765625,1474.4599609375,1471.9100341796875,1474.4599609375,1474.4599609375,2098
2023-03-22 15:40:00-04:00,1472.969970703125,1472.969970703125,1472.969970703125,1472.969970703125,1472.969970703125,111
2023-03-22 15:41:00-04:00,1472.9849853515625,1472.9849853515625,1472.9849853515625,1472.9849853515625,1472.9849853515625,490
2023-03-22 15:42:00-04:00,1470.6500244140625,1472.6400146484375,1470.6500244140625,1472.6400146484375,1472.6400146484375,1413
2023-03-22 15:43:00-04:00,1472.4599609375,1472.4599609375,1472.4599609375,1472.4599609375,1472.4599609375,276
2023-03-22 15:44:00-04:00,1470.2099609375,1470.2099609375,1469.2900390625,1469.2900390625,1469.2900390625,1268
2023-03-22 15:46:00-04:00,1463.6199951171875,1463.6199951171875,1463.6199951171875,1463.6199951171875,1463.6199951171875,762
2023-03-22 15:47:00-04:00,1465.14501953125,1465.14501953125,1465.14501953125,1465.14501953125,1465.14501953125,397
2023-03-22 15:49:00-04:00,1462.6700439453125,1462.6700439453125,1462.6700439453125,1462.6700439453125,1462.6700439453125,329
2023-03-22 15:51:00-04:00,1463.4200439453125,1463.4200439453125,1461.4100341796875,1461.6099853515625,1461.6099853515625,835
2023-03-22 15:53:00-04:00,1461.300048828125,1461.300048828125,1458.344970703125,1458.6500244140625,1458.6500244140625,1934
2023-03-22 15:54:00-04:00,1458.3900146484375,1460.0,1457.1199951171875,1457.239990234375,1457.239990234375,1042
2023-03-22 15:55:00-04:00,1456.9000244140625,1456.9000244140625,1454.699951171875,1455.530029296875,1455.530029296875,1745
2023-03-22 15:56:00-04:00,1456.7099609375,1458.469970703125,1456.7099609375,1458.469970703125,1458.469970703125,1228
2023-03-22 15:58:00-04:00,1455.050048828125,1455.050048828125,1455.050048828125,1455.050048828125,1455.050048828125,948
2023-03-22 15:59:00-04:00,1454.760009765625,1455.1400146484375,1449.97998046875,1449.97998046875,1449.97998046875,2425
2023-03-23 09:30:00-04:00,1462.969970703125,1462.969970703125,1462.969970703125,1462.969970703125,1462.969970703125,814
2023-03-23 09:36:00-04:00,1460.3050537109375,1460.31005859375,1460.3050537109375,1460.3050537109375,1460.3050537109375,470
2023-03-23 09:44:00-04:00,1467.5999755859375,1467.5999755859375,1467.5999755859375,1467.5999755859375,1467.5999755859375,1358
2023-03-23 09:59:00-04:00,1473.010009765625,1475.3699951171875,1473.010009765625,1475.3699951171875,1475.3699951171875,1004
2023-03-23 10:04:00-04:00,1475.3199462890625,1482.469970703125,1474.780029296875,1482.469970703125,1482.469970703125,708
2023-03-23 10:05:00-04:00,1477.6300048828125,1478.8299560546875,1477.6300048828125,1478.8299560546875,1478.8299560546875,1295
2023-03-23 10:10:00-04:00,1483.6600341796875,1483.6600341796875,1483.6600341796875,1483.6600341796875,1483.6600341796875,284
2023-03-23 10:13:00-04:00,1483.0,1483.0,1483.0,1483.0,1483.0,434
2023-03-23 10:16:00-04:00,1481.3499755859375,1481.3499755859375,1481.3499755859375,1481.3499755859375,1481.3499755859375,717
2023-03-23 10:18:00-04:00,1479.489990234375,1480.469970703125,1479.489990234375,1480.469970703125,1480.469970703125,1008
2023-03-23 10:29:00-04:00,1476.300048828125,1476.300048828125,1476.300048828125,1476.300048828125,1476.300048828125,628
2023-03-23 10:39:00-04:00,1476.25,1476.25,1476.25,1476.25,1476.25,368
2023-03-23 10:40:00-04:00,1476.0699462890625,1476.0699462890625,1476.0699462890625,1476.0699462890625,1476.0699462890625,176
2023-03-23 10:41:00-04:00,1476.02001953125,1476.02001953125,1476.02001953125,1476.02001953125,1476.02001953125,980
2023-03-23 10:52:00-04:00,1490.1800537109375,1490.1800537109375,1490.1800537109375,1490.1800537109375,1490.1800537109375,1095
2023-03-23 10:53:00-04:00,1487.8399658203125,1487.8399658203125,1485.25,1485.25,1485.25,596
2023-03-23 10:56:00-04:00,1483.68994140625,1483.68994140625,1480.5400390625,1481.9000244140625,1481.9000244140625,1146
2023-03-23 11:01:00-04:00,1483.6800537109375,1483.6800537109375,1483.6800537109375,1483.6800537109375,1483.6800537109375,539
2023-03-23 11:15:00-04:00,1479.3800048828125,1479.3800048828125,1477.3199462890625,1477.3199462890625,1477.3199462890625,1078
2023-03-23 11:18:00-04:00,1477.1800537109375,1477.1800537109375,1477.1800537109375,1477.1800537109375,1477.1800537109375,627
2023-03-23 11:32:00-04:00,1477.6800537109375,1477.6800537109375,1477.6800537109375,1477.6800537109375,1477.6800537109375,676
2023-03-23 11:39:00-04:00,1478.199951171875,1478.199951171875,1478.199951171875,1478.199951171875,1478.199951171875,205
2023-03-23 11:40:00-04:00,1478.0400390625,1478.0400390625,1478.0400390625,1478.0400390625,1478.0400390625,206
2023-03-23 11:42:00-04:00,1475.68994140625,1475.68994140625,1475.68505859375,1475.68505859375,1475.68505859375,868
2023-03-23 11:50:00-04:00,1475.969970703125,1475.969970703125,1475.969970703125,1475.969970703125,1475.969970703125,656
2023-03-23 12:00:00-04:00,1473.52001953125,1473.52001953125,1473.52001953125,1473.52001953125,1473.52001953125,647
2023-03-23 12:07:00-04:00,1476.969970703125,1476.969970703125,1476.969970703125,1476.969970703125,1476.969970703125,904
2023-03-23 12:15:00-04:00,1474.93994140625,1474.93994140625,1474.93994140625,1474.93994140625,1474.93994140625,310
2023-03-23 12:17:00-04:00,1474.4100341796875,1474.4100341796875,1474.4100341796875,1474.4100341796875,1474.4100341796875,1205
2023-03-23 12:32:00-04:00,1476.9599609375,1476.9599609375,1474.8399658203125,1474.8399658203125,1474.8399658203125,1513
2023-03-23 12:53:00-04:00,1470.8299560546875,1470.8299560546875,1470.8299560546875,1470.8299560546875,1470.8299560546875,128
2023-03-23 12:54:00-04:00,1471.5999755859375,1471.5999755859375,1471.5999755859375,1471.5999755859375,1471.5999755859375,735
2023-03-23 13:00:00-04:00,1467.8299560546875,1467.8299560546875,1467.8299560546875,1467.8299560546875,1467.8299560546875,746
2023-03-23 13:05:00-04:00,1467.1400146484375,1468.1099853515625,1466.06005859375,1468.1099853515625,1468.1099853515625,1391
2023-03-23 13:11:00-04:00,1462.0799560546875,1462.0799560546875,1462.0799560546875,1462.0799560546875,1462.0799560546875,396
2023-03-23 13:14:00-04:00,1464.260009765625,1464.52001953125,1464.260009765625,1464.52001953125,1464.52001953125,257
2023-03-23 13:16:00-04:00,1463.5400390625,1463.5400390625,1463.5400390625,1463.5400390625,1463.5400390625,1742
2023-03-23 13:30:00-04:00,1461.81005859375,1461.81005859375,1461.81005859375,1461.81005859375,1461.81005859375,674
2023-03-23 13:33:00-04:00,1462.4599609375,1462.4599609375,1462.4599609375,1462.4599609375,1462.4599609375,1140
2023-03-23 13:50:00-04:00,1459.8399658203125,1459.8399658203125,1459.8399658203125,1459.8399658203125,1459.8399658203125,372
2023-03-23 13:55:00-04:00,1459.6199951171875,1459.9599609375,1459.6199951171875,1459.9599609375,1459.9599609375,2290
2023-03-23 14:16:00-04:00,1460.3299560546875,1460.3299560546875,1460.3299560546875,1460.3299560546875,1460.3299560546875,459
2023-03-23 14:22:00-04:00,1458.9100341796875,1458.9100341796875,1458.68994140625,1458.68994140625,1458.68994140625,217
2023-03-23 14:25:00-04:00,1460.81005859375,1460.81005859375,1457.449951171875,1457.449951171875,1457.449951171875,1364
2023-03-23 14:31:00-04:00,1456.3900146484375,1457.3399658203125,1456.3900146484375,1457.3399658203125,1457.3399658203125,554
2023-03-23 14:32:00-04:00,1455.260009765625,1455.260009765625,1455.260009765625,1455.260009765625,1455.260009765625,1020
2023-03-23 14:40:00-04:00,1454.5899658203125,1454.7900390625,1454.5899658203125,1454.7900390625,1454.7900390625,957
2023-03-23 14:45:00-04:00,1454.2099609375,1454.2099609375,1454.2099609375,1454.2099609375,1454.2099609375,398
2023-03-23 14:48:00-04:00,1452.0999755859375,1452.0999755859375,1452.0999755859375,1452.0999755859375,1452.0999755859375,140
2023-03-23 14:49:00-04:00,1451.27001953125,1451.27001953125,1451.27001953125,1451.27001953125,1451.27001953125,529
2023-03-23 14:54:00-04:00,1445.300048828125,1445.300048828125,1445.1199951171875,1445.1199951171875,1445.1199951171875,1172
2023-03-23 15:00:00-04:00,1453.8399658203125,1453.8399658203125,1453.8399658203125,1453.8399658203125,1453.8399658203125,586
2023-03-23 15:02:00-04:00,1453.3399658203125,1453.3399658203125,1453.3349609375,1453.3349609375,1453.3349609375,322
2023-03-23 15:03:00-04:00,1453.155029296875,1453.155029296875,1453.1500244140625,1453.1500244140625,1453.1500244140625,460
2023-03-23 15:07:00-04:00,1453.799560546875,1453.799560546875,1453.799560546875,1453.799560546875,1453.799560546875,468
2023-03-23 15:09:00-04:00,1451.449951171875,1455.114990234375,1451.449951171875,1455.114990234375,1455.114990234375,438
2023-03-23 15:10:00-04:00,1456.7099609375,1456.7099609375,1456.7099609375,1456.7099609375,1456.7099609375,427
2023-03-23 15:13:00-04:00,1453.1600341796875,1453.1600341796875,1453.1600341796875,1453.1600341796875,1453.1600341796875,365
2023-03-23 15:15:00-04:00,1453.5350341796875,1455.969970703125,1453.5350341796875,1455.969970703125,1455.969970703125,627
2023-03-23 15:18:00-04:00,1450.1800537109375,1450.1800537109375,1449.9300537109375,1449.9300537109375,1449.9300537109375,482
2023-03-23 15:20:00-04:00,1446.1800537109375,1446.1800537109375,1446.1800537109375,1446.1800537109375,1446.1800537109375,341
2023-03-23 15:22:00-04:00,1445.27001953125,1445.27001953125,1445.27001953125,1445.27001953125,1445.27001953125,700
2023-03-23 15:23:00-04:00,1445.844970703125,1448.449951171875,1445.844970703125,1448.449951171875,1448.449951171875,1204
2023-03-23 15:34:00-04:00,1449.6099853515625,1449.6099853515625,1449.6099853515625,1449.6099853515625,1449.6099853515625,188
2023-03-23 15:35:00-04:00,1447.6300048828125,1448.81005859375,1447.6199951171875,1447.8299560546875,1447.8299560546875,562
2023-03-23 15:36:00-04:00,1447.8299560546875,1447.8299560546875,1447.510009765625,1447.510009765625,1447.510009765625,401
2023-03-23 15:37:00-04:00,1448.5,1448.5,1448.5,1448.5,1448.5,382
2023-03-23 15:39:00-04:00,1447.7099609375,1447.7099609375,1447.7099609375,1447.7099609375,1447.7099609375,607
2023-03-23 15:41:00-04:00,1447.5899658203125,1447.5899658203125,1447.469970703125,1447.469970703125,1447.469970703125,500
2023-03-23 15:42:00-04:00,1447.4200439453125,1447.4200439453125,1447.4200439453125,1447.4200439453125,1447.4200439453125,320
2023-03-23 15:43:00-04:00,1449.2850341796875,1449.2850341796875,1449.2850341796875,1449.2850341796875,1449.2850341796875,425
2023-03-23 15:45:00-04:00,1450.0,1452.27001953125,1450.0,1452.27001953125,1452.27001953125,1808
2023-03-23 15:47:00-04:00,1454.3199462890625,1454.9100341796875,1454.3199462890625,1454.9100341796875,1454.9100341796875,791
2023-03-23 15:50:00-04:00,1455.3800048828125,1457.5799560546875,1455.3800048828125,1455.6099853515625,1455.6099853515625,2105
2023-03-23 15:51:00-04:00,1454.8900146484375,1455.0050048828125,1454.3599853515625,1454.3599853515625,1454.3599853515625,1153
2023-03-23 15:55:00-04:00,1452.6600341796875,1452.6600341796875,1451.7900390625,1451.7900390625,1451.7900390625,1050
2023-03-23 15:56:00-04:00,1452.0799560546875,1453.47998046875,1452.0799560546875,1453.239990234375,1453.239990234375,719
2023-03-23 15:57:00-04:00,1456.02001953125,1456.02001953125,1456.02001953125,1456.02001953125,1456.02001953125,605
2023-03-23 15:59:00-04:00,1451.3499755859375,1451.3499755859375,1448.699951171875,1448.699951171875,1448.699951171875,2697
2023-03-24 09:30:00-04:00,1447.260009765625,1447.260009765625,1447.260009765625,1447.260009765625,1447.260009765625,1133
2023-03-24 09:38:00-04:00,1430.0,1430.0,1430.0,1430.0,1430.0,138
2023-03-24 09:39:00-04:00,1429.510009765625,1429.510009765625,1429.510009765625,1429.510009765625,1429.510009765625,883
2023-03-24 09:46:00-04:00,1428.6199951171875,1428.7950439453125,1428.6099853515625,1428.7950439453125,1428.7950439453125,1647
2023-03-24 09:52:00-04:00,1428.0999755859375,1428.1099853515625,1428.0999755859375,1428.1099853515625,1428.1099853515625,459
2023-03-24 09:53:00-04:00,1428.5400390625,1430.1600341796875,1428.1800537109375,1430.1600341796875,1430.1600341796875,786
2023-03-24 09:57:00-04:00,1434.280029296875,1434.280029296875,1434.280029296875,1434.280029296875,1434.280029296875,683
2023-03-24 10:04:00-04:00,1440.0,1440.0,1440.0,1440.0,1440.0,283
2023-03-24 10:06:00-04:00,1437.2049560546875,1437.2049560546875,1437.2049560546875,1437.2049560546875,1437.2049560546875,1786
2023-03-24 10:19:00-04:00,1436.6700439453125,1436.6700439453125,1436.6700439453125,1436.6700439453125,1436.6700439453125,901
2023-03-24 10:26:00-04:00,1439.75,1439.75,1439.75,1439.75,1439.75,1535
2023-03-24 10:40:00-04:00,1438.6500244140625,1438.6500244140625,1438.6500244140625,1438.6500244140625,1438.6500244140625,973
2023-03-24 10:56:00-04:00,1437.8299560546875,1437.8299560546875,1437.8299560546875,1437.8299560546875,1437.8299560546875,646
2023-03-24 11:07:00-04:00,1439.0799560546875,1439.0799560546875,1439.0799560546875,1439.0799560546875,1439.0799560546875,1110
2023-03-24 11:09:00-04:00,1436.719970703125,1437.4599609375,1436.6400146484375,1437.4599609375,1437.4599609375,1688
2023-03-24 11:22:00-04:00,1435.3599853515625,1435.3599853515625,1435.3599853515625,1435.3599853515625,1435.3599853515625,540
2023-03-24 11:30:00-04:00,1439.8299560546875,1439.8299560546875,1439.8299560546875,1439.8299560546875,1439.8299560546875,856
2023-03-24 11:45:00-04:00,1440.0899658203125,1440.0899658203125,1440.0899658203125,1440.0899658203125,1440.0899658203125,476
2023-03-24 11:46:00-04:00,1442.969970703125,1445.0,1442.010009765625,1445.0,1445.0,2032
2023-03-24 12:01:00-04:00,1445.0,1446.1400146484375,1445.0,1446.1400146484375,1446.1400146484375,476
2023-03-24 12:04:00-04:00,1443.1600341796875,1443.1600341796875,1443.1600341796875,1443.1600341796875,1443.1600341796875,815
2023-03-24 12:19:00-04:00,1440.030029296875,1440.030029296875,1440.030029296875,1440.030029296875,1440.030029296875,1005
2023-03-24 12:28:00-04:00,1445.8199462890625,1445.8199462890625,1445.8199462890625,1445.8199462890625,1445.8199462890625,433
2023-03-24 12:48:00-04:00,1446.800048828125,1446.800048828125,1446.800048828125,1446.800048828125,1446.800048828125,513
2023-03-24 12:49:00-04:00,1449.6300048828125,1449.6300048828125,1449.6300048828125,1449.6300048828125,1449.6300048828125,596
2023-03-24 12:56:00-04:00,1450.0,1450.0,1449.8299560546875,1449.8299560546875,1449.8299560546875,668
2023-03-24 12:57:00-04:00,1450.0,1450.0,1450.0,1450.0,1450.0,289
2023-03-24 13:02:00-04:00,1448.6800537109375,1448.6800537109375,1448.6800537109375,1448.6800537109375,1448.6800537109375,610
2023-03-24 13:11:00-04:00,1449.365234375,1449.365234375,1449.365234375,1449.365234375,1449.365234375,447
2023-03-24 13:17:00-04:00,1448.5899658203125,1449.1600341796875,1448.5899658203125,1449.1600341796875,1449.1600341796875,1274
2023-03-24 13:26:00-04:00,1450.0,1450.0,1450.0,1450.0,1450.0,1000
2023-03-24 13:41:00-04:00,1451.9449462890625,1451.9449462890625,1451.9449462890625,1451.9449462890625,1451.9449462890625,274
2023-03-24 13:44:00-04:00,1447.780029296875,1450.125,1447.780029296875,1450.125,1450.125,1841
2023-03-24 14:09:00-04:00,1449.780029296875,1449.780029296875,1449.780029296875,1449.780029296875,1449.780029296875,1425
2023-03-24 14:23:00-04:00,1452.800048828125,1452.800048828125,1452.800048828125,1452.800048828125,1452.800048828125,1061
2023-03-24 14:34:00-04:00,1452.7249755859375,1452.7249755859375,1452.7249755859375,1452.7249755859375,1452.7249755859375,659
2023-03-24 14:44:00-04:00,1453.3299560546875,1453.77001953125,1453.3299560546875,1453.77001953125,1453.77001953125,719
2023-03-24 14:52:00-04:00,1451.719970703125,1451.719970703125,1451.719970703125,1451.719970703125,1451.719970703125,704
2023-03-24 14:53:00-04:00,1450.06494140625,1450.06494140625,1450.06494140625,1450.06494140625,1450.06494140625,254
2023-03-24 14:59:00-04:00,1452.3199462890625,1452.3199462890625,1452.3199462890625,1452.3199462890625,1452.3199462890625,590
2023-03-24 15:10:00-04:00,1447.8599853515625,1447.8599853515625,1447.8599853515625,1447.8599853515625,1447.8599853515625,441
2023-03-24 15:11:00-04:00,1450.239990234375,1450.239990234375,1448.8199462890625,1448.8199462890625,1448.8199462890625,943
2023-03-24 15:23:00-04:00,1453.010009765625,1453.010009765625,1453.010009765625,1453.010009765625,1453.010009765625,328
2023-03-24 15:28:00-04:00,1454.18994140625,1455.1300048828125,1454.18994140625,1455.1300048828125,1455.1300048828125,272
2023-03-24 15:29:00-04:00,1455.9100341796875,1455.9100341796875,1455.4599609375,1455.4599609375,1455.4599609375,668
2023-03-24 15:31:00-04:00,1456.760009765625,1456.9749755859375,1456.760009765625,1456.9749755859375,1456.9749755859375,365
2023-03-24 15:35:00-04:00,1457.22998046875,1457.22998046875,1457.22998046875,1457.22998046875,1457.22998046875,216
2023-03-24 15:36:00-04:00,1457.2900390625,1458.0450439453125,1457.2900390625,1458.0450439453125,1458.0450439453125,653
2023-03-24 15:37:00-04:00,1458.300048828125,1458.300048828125,1458.300048828125,1458.300048828125,1458.300048828125,575
2023-03-24 15:39:00-04:00,1456.0699462890625,1456.0699462890625,1455.969970703125,1456.0699462890625,1456.0699462890625,1024
2023-03-24 15:42:00-04:00,1456.7099609375,1456.7099609375,1456.7099609375,1456.7099609375,1456.7099609375,346
2023-03-24 15:44:00-04:00,1456.60498046875,1456.60498046875,1456.60498046875,1456.60498046875,1456.60498046875,106
2023-03-24 15:45:00-04:00,1455.93994140625,1456.280029296875,1454.5899658203125,1454.5899658203125,1454.5899658203125,1488
2023-03-24 15:47:00-04:00,1454.3900146484375,1454.3900146484375,1454.3900146484375,1454.3900146484375,1454.3900146484375,323
2023-03-24 15:48:00-04:00,1453.8050537109375,1453.93505859375,1453.8050537109375,1453.93505859375,1453.93505859375,478
2023-03-24 15:51:00-04:00,1454.2950439453125,1454.31005859375,1454.2950439453125,1454.31005859375,1454.31005859375,514
2023-03-24 15:53:00-04:00,1453.31494140625,1453.31494140625,1453.31494140625,1453.31494140625,1453.31494140625,422
2023-03-24 15:55:00-04:00,1453.3599853515625,1453.3599853515625,1453.3599853515625,1453.3599853515625,1453.3599853515625,139
2023-03-24 15:56:00-04:00,1453.3699951171875,1455.0899658203125,1453.3699951171875,1454.2900390625,1454.2900390625,814
2023-03-24 15:57:00-04:00,1456.739990234375,1456.739990234375,1455.9449462890625,1455.9449462890625,1455.9449462890625,472
2023-03-24 15:58:00-04:00,1455.8199462890625,1455.8199462890625,1455.8199462890625,1455.8199462890625,1455.8199462890625,218
2023-03-24 15:59:00-04:00,1458.449951171875,1459.4599609375,1458.449951171875,1458.7900390625,1458.7900390625,2766
