Datetime,Open,High,Low,Close,Adj Close,Volume
2023-03-29 09:30:00-04:00,1490.75,1490.75,1490.75,1490.75,1490.75,0
2023-03-29 09:44:00-04:00,1488.9000244140625,1488.9000244140625,1488.9000244140625,1488.9000244140625,1488.9000244140625,1756
2023-03-29 10:01:00-04:00,1491.989990234375,1491.989990234375,1491.969970703125,1491.969970703125,1491.969970703125,310
2023-03-29 10:03:00-04:00,1492.4300537109375,1492.4300537109375,1492.4300537109375,1492.4300537109375,1492.4300537109375,168
2023-03-29 10:05:00-04:00,1493.8399658203125,1493.8399658203125,1493.7900390625,1493.7900390625,1493.7900390625,428
2023-03-29 10:06:00-04:00,1493.89501953125,1493.89501953125,1493.89501953125,1493.89501953125,1493.89501953125,151
2023-03-29 10:07:00-04:00,1491.3599853515625,1491.3599853515625,1491.3599853515625,1491.3599853515625,1491.3599853515625,227
2023-03-29 10:08:00-04:00,1494.3900146484375,1494.3900146484375,1494.3900146484375,1494.3900146484375,1494.3900146484375,268
2023-03-29 10:11:00-04:00,1494.3199462890625,1494.3199462890625,1494.3199462890625,1494.3199462890625,1494.3199462890625,527
2023-03-29 10:14:00-04:00,1495.02001953125,1495.02001953125,1495.02001953125,1495.02001953125,1495.02001953125,354
2023-03-29 10:20:00-04:00,1494.0250244140625,1494.0250244140625,1494.0250244140625,1494.0250244140625,1494.0250244140625,1442
2023-03-29 10:34:00-04:00,1490.2099609375,1490.2099609375,1490.2099609375,1490.2099609375,1490.2099609375,678
2023-03-29 10:41:00-04:00,1491.9599609375,1493.0,1490.3499755859375,1493.0,1493.0,2731
2023-03-29 10:46:00-04:00,1494.9990234375,1494.9990234375,1494.9990234375,1494.9990234375,1494.9990234375,299
2023-03-29 10:54:00-04:00,1492.85498046875,1492.85498046875,1492.85498046875,1492.85498046875,1492.85498046875,1103
2023-03-29 10:59:00-04:00,1491.2559814453125,1491.2559814453125,1491.2559814453125,1491.2559814453125,1491.2559814453125,533
2023-03-29 11:05:00-04:00,1491.2650146484375,1491.2650146484375,1491.2650146484375,1491.2650146484375,1491.2650146484375,215
2023-03-29 11:06:00-04:00,1490.0,1490.8699951171875,1490.0,1490.8699951171875,1490.8699951171875,761
2023-03-29 11:07:00-04:00,1486.27001953125,1486.27001953125,1486.27001953125,1486.27001953125,1486.27001953125,838
2023-03-29 11:18:00-04:00,1485.9000244140625,1485.9000244140625,1485.9000244140625,1485.9000244140625,1485.9000244140625,1174
2023-03-29 11:24:00-04:00,1484.4649658203125,1484.4649658203125,1484.4649658203125,1484.4649658203125,1484.4649658203125,351
2023-03-29 11:29:00-04:00,1482.0699462890625,1482.0699462890625,1482.0699462890625,1482.0699462890625,1482.0699462890625,208
2023-03-29 11:30:00-04:00,1484.9949951171875,1484.9949951171875,1484.9949951171875,1484.9949951171875,1484.9949951171875,309
2023-03-29 11:33:00-04:00,1485.06005859375,1485.06005859375,1485.06005859375,1485.06005859375,1485.06005859375,117
2023-03-29 11:34:00-04:00,1485.27001953125,1485.324951171875,1484.5,1484.5,1484.5,907
2023-03-29 11:35:00-04:00,1483.8599853515625,1483.8599853515625,1483.8599853515625,1483.8599853515625,1483.8599853515625,443
2023-03-29 11:40:00-04:00,1476.1717529296875,1476.1717529296875,1476.1717529296875,1476.1717529296875,1476.1717529296875,680
2023-03-29 11:51:00-04:00,1482.0450439453125,1482.0450439453125,1482.0450439453125,1482.0450439453125,1482.0450439453125,250
2023-03-29 11:53:00-04:00,1484.0699462890625,1484.0699462890625,1483.0999755859375,1483.7449951171875,1483.7449951171875,697
2023-03-29 11:56:00-04:00,1484.375,1484.375,1484.375,1484.375,1484.375,997
2023-03-29 12:06:00-04:00,1483.6507568359375,1485.0,1483.6507568359375,1485.0,1485.0,403
2023-03-29 12:11:00-04:00,1485.050048828125,1485.0999755859375,1485.050048828125,1485.0999755859375,1485.0999755859375,598
2023-03-29 12:15:00-04:00,1485.8399658203125,1485.8399658203125,1485.8399658203125,1485.8399658203125,1485.8399658203125,361
2023-03-29 12:18:00-04:00,1486.1700439453125,1486.1700439453125,1486.1700439453125,1486.1700439453125,1486.1700439453125,697
2023-03-29 12:22:00-04:00,1484.64501953125,1485.5,1484.47998046875,1484.47998046875,1484.47998046875,1522
2023-03-29 12:25:00-04:00,1486.594970703125,1486.594970703125,1486.594970703125,1486.594970703125,1486.594970703125,371
2023-03-29 12:26:00-04:00,1486.2900390625,1486.2900390625,1486.2900390625,1486.2900390625,1486.2900390625,407
2023-03-29 12:28:00-04:00,1486.300048828125,1486.300048828125,1486.300048828125,1486.300048828125,1486.300048828125,393
2023-03-29 12:39:00-04:00,1486.5400390625,1486.5400390625,1486.5400390625,1486.5400390625,1486.5400390625,607
2023-03-29 13:00:00-04:00,1481.719970703125,1481.719970703125,1481.719970703125,1481.719970703125,1481.719970703125,451
2023-03-29 13:06:00-04:00,1485.81005859375,1485.81005859375,1485.81005859375,1485.81005859375,1485.81005859375,106
2023-03-29 13:07:00-04:00,1485.0,1485.0,1485.0,1485.0,1485.0,445
2023-03-29 13:10:00-04:00,1487.02001953125,1487.02001953125,1487.02001953125,1487.02001953125,1487.02001953125,824
2023-03-29 13:30:00-04:00,1485.64501953125,1485.64501953125,1485.64501953125,1485.64501953125,1485.64501953125,239
2023-03-29 13:35:00-04:00,1484.489990234375,1484.489990234375,1484.489990234375,1484.489990234375,1484.489990234375,659
2023-03-29 13:46:00-04:00,1485.9000244140625,1485.9000244140625,1485.9000244140625,1485.9000244140625,1485.9000244140625,346
2023-03-29 13:49:00-04:00,1485.7900390625,1485.7900390625,1485.7900390625,1485.7900390625,1485.7900390625,216
2023-03-29 13:50:00-04:00,1485.1500244140625,1485.1500244140625,1485.1500244140625,1485.1500244140625,1485.1500244140625,368
2023-03-29 13:51:00-04:00,1485.2099609375,1485.2099609375,1485.2099609375,1485.2099609375,1485.2099609375,993
2023-03-29 14:12:00-04:00,1485.1201171875,1485.1201171875,1485.1201171875,1485.1201171875,1485.1201171875,661
2023-03-29 14:26:00-04:00,1487.4000244140625,1487.4000244140625,1487.4000244140625,1487.4000244140625,1487.4000244140625,307
2023-03-29 14:30:00-04:00,1489.2099609375,1489.2099609375,1489.2099609375,1489.2099609375,1489.2099609375,223
2023-03-29 14:34:00-04:00,1489.3299560546875,1489.3299560546875,1489.3299560546875,1489.3299560546875,1489.3299560546875,796
2023-03-29 14:50:00-04:00,1491.6700439453125,1491.6700439453125,1489.925048828125,1490.7974853515625,1490.7974853515625,1073
2023-03-29 15:01:00-04:00,1490.9100341796875,1492.5400390625,1490.9100341796875,1492.5400390625,1492.5400390625,2375
2023-03-29 15:16:00-04:00,1492.0400390625,1492.0400390625,1492.0400390625,1492.0400390625,1492.0400390625,529
2023-03-29 15:23:00-04:00,1494.0,1494.0,1494.0,1494.0,1494.0,564
2023-03-29 15:33:00-04:00,1495.4000244140625,1495.4000244140625,1495.4000244140625,1495.4000244140625,1495.4000244140625,355
2023-03-29 15:35:00-04:00,1494.6700439453125,1494.9100341796875,1494.6700439453125,1494.9100341796875,1494.9100341796875,282
2023-03-29 15:37:00-04:00,1494.8900146484375,1494.8900146484375,1494.8900146484375,1494.8900146484375,1494.8900146484375,797
2023-03-29 15:41:00-04:00,1494.300048828125,1494.4300537109375,1494.300048828125,1494.4300537109375,1494.4300537109375,1174
2023-03-29 15:44:00-04:00,1496.844970703125,1497.1199951171875,1496.844970703125,1497.1199951171875,1497.1199951171875,339
2023-03-29 15:45:00-04:00,1499.3299560546875,1499.3299560546875,1499.3299560546875,1499.3299560546875,1499.3299560546875,592
2023-03-29 15:46:00-04:00,1498.9649658203125,1498.9649658203125,1498.9649658203125,1498.9649658203125,1498.9649658203125,519
2023-03-29 15:47:00-04:00,1498.949951171875,1498.949951171875,1498.949951171875,1498.949951171875,1498.949951171875,427
2023-03-29 15:48:00-04:00,1499.3499755859375,1499.3499755859375,1499.0775146484375,1499.0775146484375,1499.0775146484375,749
2023-03-29 15:49:00-04:00,1500.02001953125,1500.02001953125,1500.02001953125,1500.02001953125,1500.02001953125,932
2023-03-29 15:50:00-04:00,1499.4150390625,1499.4150390625,1499.4150390625,1499.4150390625,1499.4150390625,334
2023-03-29 15:52:00-04:00,1499.8800048828125,1499.8800048828125,1499.8800048828125,1499.8800048828125,1499.8800048828125,730
2023-03-29 15:53:00-04:00,1499.4849853515625,1499.4849853515625,1499.4849853515625,1499.4849853515625,1499.4849853515625,402
2023-03-29 15:54:00-04:00,1497.9000244140625,1497.9000244140625,1497.9000244140625,1497.9000244140625,1497.9000244140625,964
2023-03-29 15:56:00-04:00,1496.22998046875,1496.22998046875,1494.1500244140625,1494.1500244140625,1494.1500244140625,1590
2023-03-29 15:57:00-04:00,1493.6600341796875,1493.6600341796875,1493.6600341796875,1493.6600341796875,1493.6600341796875,173
2023-03-29 15:58:00-04:00,1492.9893798828125,1493.6400146484375,1492.9893798828125,1493.6400146484375,1493.6400146484375,1137
2023-03-29 15:59:00-04:00,1493.699951171875,1495.8900146484375,1493.699951171875,1495.5400390625,1495.5400390625,2240
2023-03-30 09:30:00-04:00,1512.1099853515625,1512.1099853515625,1512.1099853515625,1512.1099853515625,1512.1099853515625,638
2023-03-30 09:41:00-04:00,1515.22998046875,1515.22998046875,1515.22998046875,1515.22998046875,1515.22998046875,803
2023-03-30 09:48:00-04:00,1512.280029296875,1512.280029296875,1512.280029296875,1512.280029296875,1512.280029296875,348
2023-03-30 09:50:00-04:00,1515.6500244140625,1515.6500244140625,1515.6500244140625,1515.6500244140625,1515.6500244140625,383
2023-03-30 09:56:00-04:00,1514.56005859375,1516.9599609375,1510.77001953125,1510.77001953125,1510.77001953125,732
2023-03-30 09:58:00-04:00,1517.550048828125,1517.550048828125,1517.550048828125,1517.550048828125,1517.550048828125,282
2023-03-30 10:00:00-04:00,1517.5799560546875,1517.5799560546875,1517.5799560546875,1517.5799560546875,1517.5799560546875,536
2023-03-30 10:05:00-04:00,1514.1300048828125,1514.1300048828125,1514.1300048828125,1514.1300048828125,1514.1300048828125,704
2023-03-30 10:12:00-04:00,1506.6099853515625,1506.6099853515625,1506.06005859375,1506.06005859375,1506.06005859375,271
2023-03-30 10:13:00-04:00,1507.3199462890625,1507.3199462890625,1507.3199462890625,1507.3199462890625,1507.3199462890625,110
2023-03-30 10:14:00-04:00,1502.780029296875,1502.780029296875,1502.780029296875,1502.780029296875,1502.780029296875,813
2023-03-30 10:29:00-04:00,1506.050048828125,1507.5,1506.050048828125,1507.5,1507.5,616
2023-03-30 10:30:00-04:00,1506.1300048828125,1506.1300048828125,1506.1300048828125,1506.1300048828125,1506.1300048828125,543
2023-03-30 10:31:00-04:00,1506.905029296875,1506.905029296875,1506.905029296875,1506.905029296875,1506.905029296875,718
2023-03-30 10:42:00-04:00,1506.0450439453125,1512.3277587890625,1506.0450439453125,1511.8299560546875,1511.8299560546875,3851
2023-03-30 10:44:00-04:00,1508.0400390625,1508.0400390625,1508.0400390625,1508.0400390625,1508.0400390625,932
2023-03-30 10:55:00-04:00,1513.6500244140625,1513.6500244140625,1513.6500244140625,1513.6500244140625,1513.6500244140625,156
2023-03-30 10:56:00-04:00,1512.199951171875,1512.199951171875,1512.199951171875,1512.199951171875,1512.199951171875,173
2023-03-30 10:58:00-04:00,1511.030029296875,1511.030029296875,1510.89501953125,1510.89501953125,1510.89501953125,496
2023-03-30 11:00:00-04:00,1510.05419921875,1510.05419921875,1510.05419921875,1510.05419921875,1510.05419921875,442
2023-03-30 11:10:00-04:00,1505.760009765625,1505.760009765625,1505.760009765625,1505.760009765625,1505.760009765625,868
2023-03-30 11:12:00-04:00,1502.3699951171875,1502.3699951171875,1499.9549560546875,1499.9549560546875,1499.9549560546875,861
2023-03-30 11:13:00-04:00,1501.8499755859375,1501.8499755859375,1501.8499755859375,1501.8499755859375,1501.8499755859375,1116
2023-03-30 11:32:00-04:00,1499.22998046875,1499.22998046875,1499.22998046875,1499.22998046875,1499.22998046875,387
2023-03-30 11:39:00-04:00,1495.800048828125,1495.800048828125,1495.800048828125,1495.800048828125,1495.800048828125,1437
2023-03-30 12:14:00-04:00,1496.3199462890625,1496.3199462890625,1496.3199462890625,1496.3199462890625,1496.3199462890625,2455
2023-03-30 12:46:00-04:00,1494.219970703125,1494.260009765625,1494.219970703125,1494.260009765625,1494.260009765625,898
2023-03-30 12:50:00-04:00,1487.7025146484375,1487.7025146484375,1487.7025146484375,1487.7025146484375,1487.7025146484375,130
2023-03-30 12:53:00-04:00,1490.1300048828125,1492.9000244140625,1490.1300048828125,1492.9000244140625,1492.9000244140625,887
2023-03-30 12:54:00-04:00,1491.322509765625,1491.322509765625,1491.322509765625,1491.322509765625,1491.322509765625,138
2023-03-30 12:55:00-04:00,1494.739990234375,1494.739990234375,1494.739990234375,1494.739990234375,1494.739990234375,363
2023-03-30 13:01:00-04:00,1494.0999755859375,1494.0999755859375,1494.0999755859375,1494.0999755859375,1494.0999755859375,490
2023-03-30 13:15:00-04:00,1494.75,1494.75,1494.75,1494.75,1494.75,1406
2023-03-30 13:58:00-04:00,1492.4549560546875,1492.4549560546875,1492.4549560546875,1492.4549560546875,1492.4549560546875,260
2023-03-30 14:03:00-04:00,1492.81005859375,1492.81005859375,1492.6800537109375,1492.6800537109375,1492.6800537109375,999
2023-03-30 14:09:00-04:00,1495.6650390625,1495.6650390625,1495.6650390625,1495.6650390625,1495.6650390625,108
2023-03-30 14:10:00-04:00,1497.7349853515625,1497.7349853515625,1497.7349853515625,1497.7349853515625,1497.7349853515625,517
2023-03-30 14:13:00-04:00,1498.175048828125,1498.175048828125,1494.050048828125,1494.050048828125,1494.050048828125,882
2023-03-30 14:17:00-04:00,1495.719970703125,1495.719970703125,1495.719970703125,1495.719970703125,1495.719970703125,762
2023-03-30 14:37:00-04:00,1497.449951171875,1497.449951171875,1497.449951171875,1497.449951171875,1497.449951171875,240
2023-03-30 14:38:00-04:00,1497.2950439453125,1497.2950439453125,1497.2950439453125,1497.2950439453125,1497.2950439453125,128
2023-03-30 14:39:00-04:00,1497.8499755859375,1497.8499755859375,1497.8499755859375,1497.8499755859375,1497.8499755859375,915
2023-03-30 14:52:00-04:00,1500.81005859375,1500.81005859375,1500.81005859375,1500.81005859375,1500.81005859375,460
2023-03-30 14:53:00-04:00,1500.5799560546875,1500.5799560546875,1499.68994140625,1499.68994140625,1499.68994140625,333
2023-03-30 15:07:00-04:00,1501.0350341796875,1501.0350341796875,1501.0350341796875,1501.0350341796875,1501.0350341796875,680
2023-03-30 15:09:00-04:00,1501.0350341796875,1501.0350341796875,1501.0350341796875,1501.0350341796875,1501.0350341796875,883
2023-03-30 15:23:00-04:00,1502.5400390625,1502.5400390625,1502.5400390625,1502.5400390625,1502.5400390625,894
2023-03-30 15:29:00-04:00,1502.06494140625,1502.06494140625,1502.06494140625,1502.06494140625,1502.06494140625,180
2023-03-30 15:31:00-04:00,1502.614990234375,1502.614990234375,1502.614990234375,1502.614990234375,1502.614990234375,186
2023-03-30 15:33:00-04:00,1502.614990234375,1502.614990234375,1502.614990234375,1502.614990234375,1502.614990234375,3053
2023-03-30 15:35:00-04:00,1502.614990234375,1502.614990234375,1501.1199951171875,1501.1199951171875,1501.1199951171875,619
2023-03-30 15:36:00-04:00,1503.0,1503.0,1502.3499755859375,1502.3499755859375,1502.3499755859375,1649
2023-03-30 15:39:00-04:00,1501.43994140625,1502.4749755859375,1501.43994140625,1502.4749755859375,1502.4749755859375,1280
2023-03-30 15:42:00-04:00,1502.010009765625,1502.010009765625,1502.010009765625,1502.010009765625,1502.010009765625,860
2023-03-30 15:48:00-04:00,1499.5400390625,1499.6600341796875,1499.5400390625,1499.6600341796875,1499.6600341796875,1031
2023-03-30 15:50:00-04:00,1499.7099609375,1499.7099609375,1499.7099609375,1499.7099609375,1499.7099609375,995
2023-03-30 15:51:00-04:00,1498.875,1499.93994140625,1498.875,1499.25,1499.25,1384
2023-03-30 15:53:00-04:00,1497.8800048828125,1497.8800048828125,1497.8800048828125,1497.8800048828125,1497.8800048828125,581
2023-03-30 15:56:00-04:00,1497.27001953125,1498.239990234375,1497.27001953125,1498.239990234375,1498.239990234375,1175
2023-03-30 15:57:00-04:00,1497.0899658203125,1498.5999755859375,1497.0899658203125,1498.5999755859375,1498.5999755859375,679
2023-03-30 15:58:00-04:00,1497.6400146484375,1498.1400146484375,1497.6400146484375,1498.1400146484375,1498.1400146484375,795
2023-03-30 15:59:00-04:00,1499.8299560546875,1500.300048828125,1499.094970703125,1499.094970703125,1499.094970703125,1479
2023-03-31 09:30:00-04:00,1512.010009765625,1512.010009765625,1512.010009765625,1512.010009765625,1512.010009765625,1176
2023-03-31 09:39:00-04:00,1514.9749755859375,1514.9749755859375,1514.9749755859375,1514.9749755859375,1514.9749755859375,371
2023-03-31 09:41:00-04:00,1519.0,1519.0,1519.0,1519.0,1519.0,610
2023-03-31 09:44:00-04:00,1514.1800537109375,1514.97998046875,1514.1800537109375,1514.97998046875,1514.97998046875,269
2023-03-31 09:46:00-04:00,1517.6099853515625,1517.6099853515625,1517.6099853515625,1517.6099853515625,1517.6099853515625,412
2023-03-31 09:47:00-04:00,1515.6600341796875,1518.1600341796875,1515.6600341796875,1518.1600341796875,1518.1600341796875,1307
2023-03-31 09:52:00-04:00,1519.6600341796875,1519.6600341796875,1519.6600341796875,1519.6600341796875,1519.6600341796875,504
2023-03-31 09:57:00-04:00,1523.6500244140625,1523.68994140625,1523.6500244140625,1523.68994140625,1523.68994140625,632
2023-03-31 09:59:00-04:00,1521.3499755859375,1521.3499755859375,1521.3499755859375,1521.3499755859375,1521.3499755859375,948
2023-03-31 10:08:00-04:00,1523.8349609375,1523.8349609375,1523.02001953125,1523.02001953125,1523.02001953125,679
2023-03-31 10:11:00-04:00,1522.6400146484375,1522.6400146484375,1522.6400146484375,1522.6400146484375,1522.6400146484375,779
2023-03-31 10:18:00-04:00,1520.9200439453125,1520.9200439453125,1520.9200439453125,1520.9200439453125,1520.9200439453125,1571
2023-03-31 10:27:00-04:00,1523.219970703125,1523.219970703125,1523.219970703125,1523.219970703125,1523.219970703125,638
2023-03-31 10:31:00-04:00,1525.0,1525.0,1525.0,1525.0,1525.0,758
2023-03-31 10:39:00-04:00,1522.447021484375,1522.447021484375,1522.447021484375,1522.447021484375,1522.447021484375,781
2023-03-31 10:52:00-04:00,1522.9200439453125,1523.0899658203125,1522.9200439453125,1523.0899658203125,1523.0899658203125,580
2023-03-31 10:56:00-04:00,1525.780029296875,1525.780029296875,1525.780029296875,1525.780029296875,1525.780029296875,1322
2023-03-31 11:09:00-04:00,1521.6099853515625,1521.6099853515625,1521.6099853515625,1521.6099853515625,1521.6099853515625,2133
2023-03-31 12:03:00-04:00,1522.0,1522.0,1522.0,1522.0,1522.0,1163
2023-03-31 12:33:00-04:00,1525.5899658203125,1525.5899658203125,1525.5899658203125,1525.5899658203125,1525.5899658203125,662
2023-03-31 12:50:00-04:00,1522.75,1522.75,1522.75,1522.75,1522.75,1128
2023-03-31 12:59:00-04:00,1521.1600341796875,1521.1600341796875,1519.219970703125,1519.6500244140625,1519.6500244140625,4905
2023-03-31 13:00:00-04:00,1520.18994140625,1520.18994140625,1520.18994140625,1520.18994140625,1520.18994140625,312
2023-03-31 13:04:00-04:00,1519.5699462890625,1519.5699462890625,1519.5699462890625,1519.5699462890625,1519.5699462890625,1301
2023-03-31 13:12:00-04:00,1521.1199951171875,1521.1199951171875,1521.1199951171875,1521.1199951171875,1521.1199951171875,457
2023-03-31 13:19:00-04:00,1521.719970703125,1522.199951171875,1521.719970703125,1522.199951171875,1522.199951171875,589
2023-03-31 13:25:00-04:00,1521.9599609375,1521.9599609375,1521.9599609375,1521.9599609375,1521.9599609375,980
2023-03-31 14:02:00-04:00,1526.4000244140625,1526.4200439453125,1526.4000244140625,1526.4200439453125,1526.4200439453125,340
2023-03-31 14:05:00-04:00,1527.75,1527.75,1527.75,1527.75,1527.75,1001
2023-03-31 14:09:00-04:00,1528.7900390625,1528.7900390625,1528.7900390625,1528.7900390625,1528.7900390625,475
2023-03-31 14:11:00-04:00,1524.72998046875,1524.72998046875,1524.72998046875,1524.72998046875,1524.72998046875,981
2023-03-31 14:24:00-04:00,1524.5699462890625,1524.5699462890625,1524.5699462890625,1524.5699462890625,1524.5699462890625,601
2023-03-31 14:32:00-04:00,1522.81005859375,1522.81005859375,1522.81005859375,1522.81005859375,1522.81005859375,290
2023-03-31 14:34:00-04:00,1525.0799560546875,1525.0799560546875,1525.0799560546875,1525.0799560546875,1525.0799560546875,794
2023-03-31 14:43:00-04:00,1526.530029296875,1526.530029296875,1526.530029296875,1526.530029296875,1526.530029296875,1229
2023-03-31 15:03:00-04:00,1530.0699462890625,1530.1600341796875,1530.0699462890625,1530.1600341796875,1530.1600341796875,281
2023-03-31 15:04:00-04:00,1526.6500244140625,1527.780029296875,1526.3499755859375,1526.7449951171875,1526.7449951171875,2514
2023-03-31 15:10:00-04:00,1526.7550048828125,1526.7550048828125,1526.7550048828125,1526.7550048828125,1526.7550048828125,675
2023-03-31 15:14:00-04:00,1526.1300048828125,1526.1300048828125,1526.1300048828125,1526.1300048828125,1526.1300048828125,584
2023-03-31 15:16:00-04:00,1526.9300537109375,1526.9300537109375,1526.9300537109375,1526.9300537109375,1526.9300537109375,362
2023-03-31 15:17:00-04:00,1526.8499755859375,1528.4000244140625,1526.8499755859375,1528.4000244140625,1528.4000244140625,1248
2023-03-31 15:29:00-04:00,1531.75,1531.75,1531.75,1531.75,1531.75,174
2023-03-31 15:30:00-04:00,1531.800048828125,1531.800048828125,1531.800048828125,1531.800048828125,1531.800048828125,479
2023-03-31 15:32:00-04:00,1531.4000244140625,1531.4000244140625,1531.4000244140625,1531.4000244140625,1531.4000244140625,732
2023-03-31 15:34:00-04:00,1530.260009765625,1530.260009765625,1530.260009765625,1530.260009765625,1530.260009765625,163
2023-03-31 15:36:00-04:00,1530.56005859375,1530.56005859375,1530.56005859375,1530.56005859375,1530.56005859375,750
2023-03-31 15:42:00-04:00,1528.1949462890625,1528.1949462890625,1528.1949462890625,1528.1949462890625,1528.1949462890625,656
2023-03-31 15:46:00-04:00,1526.5799560546875,1526.5799560546875,1526.5799560546875,1526.5799560546875,1526.5799560546875,197
2023-03-31 15:47:00-04:00,1525.52001953125,1525.52001953125,1525.3199462890625,1525.3199462890625,1525.3199462890625,529
2023-03-31 15:48:00-04:00,1524.469970703125,1524.469970703125,1524.469970703125,1524.469970703125,1524.469970703125,117
2023-03-31 15:50:00-04:00,1523.4000244140625,1523.4000244140625,1523.25,1523.25,1523.25,926
2023-03-31 15:51:00-04:00,1524.0450439453125,1524.0450439453125,1524.0450439453125,1524.0450439453125,1524.0450439453125,160
2023-03-31 15:52:00-04:00,1523.5450439453125,1523.5450439453125,1523.18994140625,1523.18994140625,1523.18994140625,578
2023-03-31 15:54:00-04:00,1523.9000244140625,1523.9000244140625,1523.0899658203125,1523.0899658203125,1523.0899658203125,1200
2023-03-31 15:55:00-04:00,1527.97998046875,1528.6199951171875,1527.56005859375,1528.6199951171875,1528.6199951171875,990
2023-03-31 15:56:00-04:00,1527.719970703125,1527.719970703125,1527.719970703125,1527.719970703125,1527.719970703125,115
2023-03-31 15:58:00-04:00,1528.050048828125,1528.530029296875,1527.7349853515625,1528.2099609375,1528.2099609375,1977
2023-03-31 15:59:00-04:00,1528.4100341796875,1532.0400390625,1528.4100341796875,1529.6800537109375,1529.6800537109375,5198
2023-04-03 09:30:00-04:00,1520.6099853515625,1522.989990234375,1520.6099853515625,1522.989990234375,1522.989990234375,1186
2023-04-03 09:32:00-04:00,1522.9200439453125,1522.9200439453125,1518.8199462890625,1518.8199462890625,1518.8199462890625,639
2023-04-03 09:35:00-04:00,1518.510009765625,1520.1500244140625,1514.469970703125,1519.9200439453125,1519.9200439453125,1594
2023-04-03 09:41:00-04:00,1520.56005859375,1520.56005859375,1520.56005859375,1520.56005859375,1520.56005859375,336
2023-04-03 09:44:00-04:00,1521.8399658203125,1521.8399658203125,1521.8399658203125,1521.8399658203125,1521.8399658203125,663
2023-04-03 09:49:00-04:00,1513.3299560546875,1513.60498046875,1513.3299560546875,1513.60498046875,1513.60498046875,1095
2023-04-03 09:57:00-04:00,1511.81005859375,1517.6199951171875,1511.81005859375,1517.6199951171875,1517.6199951171875,992
2023-04-03 09:59:00-04:00,1516.6500244140625,1516.6600341796875,1516.6500244140625,1516.6500244140625,1516.6500244140625,1596
2023-04-03 10:00:00-04:00,1522.9599609375,1523.260009765625,1522.9599609375,1523.260009765625,1523.260009765625,210
2023-04-03 10:01:00-04:00,1521.22998046875,1521.22998046875,1514.5,1514.5,1514.5,979
2023-04-03 10:02:00-04:00,1519.3199462890625,1519.3199462890625,1518.030029296875,1519.3199462890625,1519.3199462890625,1016
2023-04-03 10:03:00-04:00,1515.81005859375,1515.81005859375,1514.43994140625,1515.6600341796875,1515.6600341796875,1987
2023-04-03 10:14:00-04:00,1521.1400146484375,1521.1400146484375,1521.1400146484375,1521.1400146484375,1521.1400146484375,371
2023-04-03 10:17:00-04:00,1524.72998046875,1524.72998046875,1524.3699951171875,1524.3699951171875,1524.3699951171875,448
2023-04-03 10:20:00-04:00,1526.5999755859375,1526.5999755859375,1523.4200439453125,1523.4200439453125,1523.4200439453125,629
2023-04-03 10:21:00-04:00,1524.0,1524.969970703125,1524.0,1524.969970703125,1524.969970703125,1571
2023-04-03 10:35:00-04:00,1523.8199462890625,1523.8199462890625,1523.8199462890625,1523.8199462890625,1523.8199462890625,494
2023-04-03 10:36:00-04:00,1520.97998046875,1520.97998046875,1520.97998046875,1520.97998046875,1520.97998046875,396
2023-04-03 10:37:00-04:00,1521.0,1521.0,1521.0,1521.0,1521.0,396
2023-04-03 10:39:00-04:00,1519.449951171875,1519.449951171875,1519.449951171875,1519.449951171875,1519.449951171875,773
2023-04-03 10:45:00-04:00,1519.530029296875,1519.530029296875,1518.9100341796875,1518.9100341796875,1518.9100341796875,865
2023-04-03 10:46:00-04:00,1517.2850341796875,1517.2850341796875,1517.2850341796875,1517.2850341796875,1517.2850341796875,193
2023-04-03 10:47:00-04:00,1517.0350341796875,1518.3699951171875,1516.9599609375,1518.3699951171875,1518.3699951171875,717
2023-04-03 10:48:00-04:00,1516.697509765625,1516.7099609375,1516.5699462890625,1516.5699462890625,1516.5699462890625,1010
2023-04-03 10:51:00-04:00,1518.030029296875,1518.030029296875,1518.030029296875,1518.030029296875,1518.030029296875,533
2023-04-03 10:55:00-04:00,1517.4150390625,1519.0699462890625,1516.7850341796875,1516.7850341796875,1516.7850341796875,1830
2023-04-03 11:02:00-04:00,1517.18505859375,1517.18505859375,1517.18505859375,1517.18505859375,1517.18505859375,408
2023-04-03 11:04:00-04:00,1515.68994140625,1515.68994140625,1514.47998046875,1514.47998046875,1514.47998046875,1365
2023-04-03 11:22:00-04:00,1516.375,1516.375,1516.375,1516.375,1516.375,325
2023-04-03 11:26:00-04:00,1517.4200439453125,1517.4200439453125,1517.4200439453125,1517.4200439453125,1517.4200439453125,406
2023-04-03 11:30:00-04:00,1517.97998046875,1518.0150146484375,1517.97998046875,1518.0150146484375,1518.0150146484375,727
2023-04-03 11:37:00-04:00,1519.4000244140625,1520.5699462890625,1517.0899658203125,1517.0899658203125,1517.0899658203125,4132
2023-04-03 11:43:00-04:00,1514.1199951171875,1514.1199951171875,1514.1199951171875,1514.1199951171875,1514.1199951171875,616
2023-04-03 11:44:00-04:00,1514.4000244140625,1514.4000244140625,1514.4000244140625,1514.4000244140625,1514.4000244140625,311
2023-04-03 11:52:00-04:00,1514.739990234375,1514.739990234375,1514.739990234375,1514.739990234375,1514.739990234375,245
2023-04-03 11:53:00-04:00,1512.8499755859375,1512.8499755859375,1512.8499755859375,1512.8499755859375,1512.8499755859375,440
2023-04-03 11:57:00-04:00,1516.43994140625,1516.43994140625,1514.97998046875,1515.050048828125,1515.050048828125,1319
2023-04-03 12:03:00-04:00,1515.5699462890625,1515.5699462890625,1515.5699462890625,1515.5699462890625,1515.5699462890625,438
2023-04-03 12:10:00-04:00,1515.02001953125,1515.02001953125,1515.02001953125,1515.02001953125,1515.02001953125,268
2023-04-03 12:12:00-04:00,1514.969970703125,1515.4449462890625,1514.969970703125,1515.4449462890625,1515.4449462890625,417
2023-04-03 12:16:00-04:00,1515.449951171875,1515.449951171875,1515.449951171875,1515.449951171875,1515.449951171875,249
2023-04-03 12:25:00-04:00,1515.0450439453125,1515.0450439453125,1515.0450439453125,1515.0450439453125,1515.0450439453125,190
2023-04-03 12:26:00-04:00,1516.5999755859375,1516.5999755859375,1516.5999755859375,1516.5999755859375,1516.5999755859375,459
2023-04-03 12:34:00-04:00,1513.6600341796875,1513.6600341796875,1513.6600341796875,1513.6600341796875,1513.6600341796875,270
2023-04-03 12:37:00-04:00,1517.8399658203125,1517.8399658203125,1517.8399658203125,1517.8399658203125,1517.8399658203125,224
2023-04-03 12:39:00-04:00,1518.3199462890625,1518.3199462890625,1518.3199462890625,1518.3199462890625,1518.3199462890625,791
2023-04-03 12:46:00-04:00,1516.800048828125,1516.800048828125,1516.550048828125,1516.550048828125,1516.550048828125,751
2023-04-03 12:59:00-04:00,1515.9549560546875,1515.9549560546875,1515.9549560546875,1515.9549560546875,1515.9549560546875,264
2023-04-03 13:09:00-04:00,1518.6783447265625,1518.6783447265625,1518.6783447265625,1518.6783447265625,1518.6783447265625,1248
2023-04-03 13:26:00-04:00,1519.8399658203125,1519.8399658203125,1519.8399658203125,1519.8399658203125,1519.8399658203125,290
2023-04-03 13:35:00-04:00,1520.2132568359375,1520.2132568359375,1520.2132568359375,1520.2132568359375,1520.2132568359375,662
2023-04-03 13:44:00-04:00,1519.3499755859375,1522.1400146484375,1519.3499755859375,1522.1400146484375,1522.1400146484375,204
2023-04-03 13:45:00-04:00,1522.344970703125,1522.344970703125,1518.4100341796875,1518.4100341796875,1518.4100341796875,615
2023-04-03 13:46:00-04:00,1518.18994140625,1518.18994140625,1518.18994140625,1518.18994140625,1518.18994140625,572
2023-04-03 13:47:00-04:00,1519.35302734375,1519.35302734375,1519.35302734375,1519.35302734375,1519.35302734375,708
2023-04-03 13:52:00-04:00,1514.7542724609375,1514.7542724609375,1514.7542724609375,1514.7542724609375,1514.7542724609375,171
2023-04-03 13:55:00-04:00,1514.8399658203125,1514.8399658203125,1514.8399658203125,1514.8399658203125,1514.8399658203125,140
2023-04-03 13:56:00-04:00,1514.6099853515625,1514.6099853515625,1514.6099853515625,1514.6099853515625,1514.6099853515625,184
2023-04-03 13:57:00-04:00,1517.0450439453125,1517.0450439453125,1517.0450439453125,1517.0450439453125,1517.0450439453125,228
2023-04-03 14:02:00-04:00,1519.0899658203125,1519.0899658203125,1519.0899658203125,1519.0899658203125,1519.0899658203125,981
2023-04-03 14:16:00-04:00,1521.1800537109375,1521.1800537109375,1521.1800537109375,1521.1800537109375,1521.1800537109375,126
2023-04-03 14:17:00-04:00,1522.280029296875,1522.280029296875,1522.280029296875,1522.280029296875,1522.280029296875,462
2023-04-03 14:24:00-04:00,1521.2750244140625,1521.2750244140625,1521.2750244140625,1521.2750244140625,1521.2750244140625,975
2023-04-03 14:31:00-04:00,1524.1800537109375,1524.1800537109375,1524.1800537109375,1524.1800537109375,1524.1800537109375,612
2023-04-03 14:32:00-04:00,1525.8399658203125,1525.8399658203125,1525.010009765625,1525.2249755859375,1525.2249755859375,1796
2023-04-03 14:39:00-04:00,1525.7750244140625,1525.7750244140625,1525.7750244140625,1525.7750244140625,1525.7750244140625,593
2023-04-03 14:43:00-04:00,1525.1300048828125,1525.1300048828125,1525.1300048828125,1525.1300048828125,1525.1300048828125,255
2023-04-03 14:45:00-04:00,1527.0799560546875,1527.0799560546875,1527.0799560546875,1527.0799560546875,1527.0799560546875,108
2023-04-03 14:46:00-04:00,1525.02001953125,1526.0999755859375,1525.02001953125,1526.0999755859375,1526.0999755859375,839
2023-04-03 14:58:00-04:00,1526.3900146484375,1526.3900146484375,1526.3900146484375,1526.3900146484375,1526.3900146484375,693
2023-04-03 15:02:00-04:00,1526.4000244140625,1526.4000244140625,1525.5899658203125,1525.5899658203125,1525.5899658203125,1319
2023-04-03 15:17:00-04:00,1525.5899658203125,1526.7099609375,1525.5899658203125,1525.77001953125,1525.77001953125,1433
2023-04-03 15:18:00-04:00,1526.7099609375,1526.7099609375,1526.7099609375,1526.7099609375,1526.7099609375,605
2023-04-03 15:19:00-04:00,1526.6099853515625,1526.7099609375,1526.6099853515625,1526.7099609375,1526.7099609375,201
2023-04-03 15:20:00-04:00,1526.7099609375,1526.7099609375,1526.7099609375,1526.7099609375,1526.7099609375,521
2023-04-03 15:21:00-04:00,1527.9300537109375,1527.9300537109375,1527.9300537109375,1527.9300537109375,1527.9300537109375,459
2023-04-03 15:25:00-04:00,1527.9599609375,1527.9599609375,1527.9599609375,1527.9599609375,1527.9599609375,364
2023-04-03 15:27:00-04:00,1529.0799560546875,1529.0799560546875,1529.0799560546875,1529.0799560546875,1529.0799560546875,1448
2023-04-03 15:32:00-04:00,1533.4200439453125,1533.4200439453125,1533.4200439453125,1533.4200439453125,1533.4200439453125,143
2023-04-03 15:37:00-04:00,1535.93994140625,1538.2900390625,1535.93994140625,1538.2900390625,1538.2900390625,1521
2023-04-03 15:38:00-04:00,1538.239990234375,1538.239990234375,1538.1800537109375,1538.1800537109375,1538.1800537109375,684
2023-04-03 15:39:00-04:00,1535.4000244140625,1536.3699951171875,1534.3399658203125,1535.0999755859375,1535.0999755859375,1556
2023-04-03 15:40:00-04:00,1533.5799560546875,1536.9200439453125,1533.5799560546875,1533.5799560546875,1533.5799560546875,1181
2023-04-03 15:47:00-04:00,1534.1600341796875,1534.1600341796875,1532.75,1532.75,1532.75,720
2023-04-03 15:48:00-04:00,1533.3900146484375,1533.3900146484375,1533.3900146484375,1533.3900146484375,1533.3900146484375,179
2023-04-03 15:51:00-04:00,1536.3299560546875,1536.3299560546875,1534.5899658203125,1534.5899658203125,1534.5899658203125,1268
2023-04-03 15:52:00-04:00,1536.4300537109375,1536.4300537109375,1534.3199462890625,1534.3199462890625,1534.3199462890625,206
2023-04-03 15:54:00-04:00,1534.6800537109375,1534.6800537109375,1534.6800537109375,1534.6800537109375,1534.6800537109375,539
2023-04-03 15:56:00-04:00,1535.8699951171875,1535.8699951171875,1531.9150390625,1531.9150390625,1531.9150390625,3289
2023-04-03 15:57:00-04:00,1534.030029296875,1536.3399658203125,1531.9100341796875,1532.510009765625,1532.510009765625,1182
2023-04-03 15:58:00-04:00,1531.97998046875,1534.0050048828125,1530.7950439453125,1530.7950439453125,1530.7950439453125,1782
2023-04-03 15:59:00-04:00,1531.8599853515625,1531.97998046875,1529.22998046875,1529.22998046875,1529.22998046875,2532
2023-04-04 09:30:00-04:00,1530.760009765625,1530.760009765625,1530.760009765625,1530.760009765625,1530.760009765625,437
2023-04-04 09:33:00-04:00,1521.280029296875,1530.800048828125,1521.280029296875,1530.800048828125,1530.800048828125,220
2023-04-04 09:34:00-04:00,1532.4000244140625,1532.4200439453125,1532.4000244140625,1532.4200439453125,1532.4200439453125,317
2023-04-04 09:35:00-04:00,1529.760009765625,1529.760009765625,1529.760009765625,1529.760009765625,1529.760009765625,372
2023-04-04 09:40:00-04:00,1535.0,1535.0,1535.0,1535.0,1535.0,522
2023-04-04 09:51:00-04:00,1535.06005859375,1535.06005859375,1535.06005859375,1535.06005859375,1535.06005859375,1083
2023-04-04 09:58:00-04:00,1535.1500244140625,1535.1500244140625,1535.1500244140625,1535.1500244140625,1535.1500244140625,667
2023-04-04 10:04:00-04:00,1536.010009765625,1536.010009765625,1536.010009765625,1536.010009765625,1536.010009765625,102
2023-04-04 10:05:00-04:00,1532.6400146484375,1532.6400146484375,1532.6400146484375,1532.6400146484375,1532.6400146484375,209
2023-04-04 10:08:00-04:00,1535.1259765625,1535.1259765625,1535.1259765625,1535.1259765625,1535.1259765625,522
2023-04-04 10:11:00-04:00,1536.5345458984375,1536.77001953125,1536.5345458984375,1536.77001953125,1536.77001953125,1018
2023-04-04 10:14:00-04:00,1535.9100341796875,1535.9100341796875,1535.9100341796875,1535.9100341796875,1535.9100341796875,144
2023-04-04 10:16:00-04:00,1535.4100341796875,1535.4100341796875,1535.31494140625,1535.31494140625,1535.31494140625,508
2023-04-04 10:17:00-04:00,1535.35498046875,1535.35498046875,1535.35498046875,1535.35498046875,1535.35498046875,230
2023-04-04 10:19:00-04:00,1534.510009765625,1534.510009765625,1534.510009765625,1534.510009765625,1534.510009765625,538
2023-04-04 10:21:00-04:00,1534.260009765625,1534.260009765625,1534.260009765625,1534.260009765625,1534.260009765625,742
2023-04-04 10:24:00-04:00,1531.969970703125,1533.366455078125,1531.969970703125,1533.366455078125,1533.366455078125,677
2023-04-04 10:25:00-04:00,1534.18994140625,1534.18994140625,1534.18994140625,1534.18994140625,1534.18994140625,1101
2023-04-04 10:40:00-04:00,1531.969970703125,1531.969970703125,1528.699951171875,1528.699951171875,1528.699951171875,1451
2023-04-04 10:47:00-04:00,1531.1099853515625,1531.1099853515625,1531.1099853515625,1531.1099853515625,1531.1099853515625,400
2023-04-04 10:48:00-04:00,1530.6800537109375,1530.6800537109375,1530.6800537109375,1530.6800537109375,1530.6800537109375,614
2023-04-04 10:52:00-04:00,1530.7550048828125,1530.7550048828125,1530.7550048828125,1530.7550048828125,1530.7550048828125,134
2023-04-04 10:55:00-04:00,1531.719970703125,1531.8199462890625,1531.719970703125,1531.8199462890625,1531.8199462890625,356
2023-04-04 10:56:00-04:00,1533.6800537109375,1533.6800537109375,1533.6800537109375,1533.6800537109375,1533.6800537109375,207
2023-04-04 10:58:00-04:00,1531.27001953125,1531.27001953125,1531.27001953125,1531.27001953125,1531.27001953125,373
2023-04-04 11:01:00-04:00,1525.4700927734375,1525.4700927734375,1525.4700927734375,1525.4700927734375,1525.4700927734375,453
2023-04-04 11:09:00-04:00,1528.0699462890625,1528.0699462890625,1528.0699462890625,1528.0699462890625,1528.0699462890625,566
2023-04-04 11:14:00-04:00,1528.5999755859375,1528.5999755859375,1528.5999755859375,1528.5999755859375,1528.5999755859375,948
2023-04-04 11:31:00-04:00,1522.5799560546875,1522.5799560546875,1522.5799560546875,1522.5799560546875,1522.5799560546875,1475
2023-04-04 11:53:00-04:00,1532.4300537109375,1532.4300537109375,1532.4300537109375,1532.4300537109375,1532.4300537109375,303
2023-04-04 11:57:00-04:00,1531.4000244140625,1532.219970703125,1531.0400390625,1531.0400390625,1531.0400390625,975
2023-04-04 12:00:00-04:00,1531.0,1531.0,1531.0,1531.0,1531.0,556
2023-04-04 12:08:00-04:00,1530.489990234375,1530.489990234375,1530.489990234375,1530.489990234375,1530.489990234375,1240
2023-04-04 12:11:00-04:00,1530.7149658203125,1530.7149658203125,1530.7149658203125,1530.7149658203125,1530.7149658203125,1098
2023-04-04 12:26:00-04:00,1533.1600341796875,1533.1600341796875,1533.1600341796875,1533.1600341796875,1533.1600341796875,1535
2023-04-04 12:55:00-04:00,1535.56005859375,1535.56005859375,1535.56005859375,1535.56005859375,1535.56005859375,475
2023-04-04 13:03:00-04:00,1535.260009765625,1535.260009765625,1535.260009765625,1535.260009765625,1535.260009765625,175
2023-04-04 13:05:00-04:00,1536.0400390625,1536.0400390625,1535.800048828125,1535.800048828125,1535.800048828125,2054
2023-04-04 13:17:00-04:00,1541.8199462890625,1541.8199462890625,1541.8199462890625,1541.8199462890625,1541.8199462890625,773
2023-04-04 13:27:00-04:00,1535.0899658203125,1535.0899658203125,1535.0899658203125,1535.0899658203125,1535.0899658203125,143
2023-04-04 13:29:00-04:00,1537.9849853515625,1537.9849853515625,1537.9849853515625,1537.9849853515625,1537.9849853515625,869
2023-04-04 13:41:00-04:00,1540.4237060546875,1540.4237060546875,1540.4237060546875,1540.4237060546875,1540.4237060546875,295
2023-04-04 13:42:00-04:00,1539.2099609375,1539.2099609375,1539.2099609375,1539.2099609375,1539.2099609375,1566
2023-04-04 13:56:00-04:00,1538.1099853515625,1538.1400146484375,1538.1099853515625,1538.1400146484375,1538.1400146484375,631
2023-04-04 14:06:00-04:00,1540.599853515625,1540.599853515625,1540.599853515625,1540.599853515625,1540.599853515625,1350
2023-04-04 14:21:00-04:00,1539.199951171875,1539.199951171875,1538.1600341796875,1538.1600341796875,1538.1600341796875,461
2023-04-04 14:23:00-04:00,1536.6099853515625,1536.6099853515625,1536.6099853515625,1536.6099853515625,1536.6099853515625,615
2023-04-04 14:27:00-04:00,1535.7900390625,1535.7900390625,1535.7900390625,1535.7900390625,1535.7900390625,1148
2023-04-04 14:39:00-04:00,1537.8299560546875,1537.8299560546875,1537.7149658203125,1537.7149658203125,1537.7149658203125,787
2023-04-04 14:52:00-04:00,1539.1300048828125,1539.1300048828125,1538.68505859375,1538.68505859375,1538.68505859375,791
2023-04-04 14:57:00-04:00,1536.300048828125,1536.300048828125,1536.300048828125,1536.300048828125,1536.300048828125,417
2023-04-04 14:58:00-04:00,1535.9200439453125,1535.9200439453125,1535.9200439453125,1535.9200439453125,1535.9200439453125,1071
2023-04-04 15:11:00-04:00,1536.1199951171875,1536.1199951171875,1536.1199951171875,1536.1199951171875,1536.1199951171875,236
2023-04-04 15:14:00-04:00,1536.5999755859375,1537.75,1536.5999755859375,1537.75,1537.75,980
2023-04-04 15:15:00-04:00,1538.3399658203125,1538.3399658203125,1538.3399658203125,1538.3399658203125,1538.3399658203125,503
2023-04-04 15:20:00-04:00,1539.3299560546875,1539.3299560546875,1539.3299560546875,1539.3299560546875,1539.3299560546875,682
2023-04-04 15:21:00-04:00,1539.93505859375,1540.5400390625,1539.93505859375,1540.5400390625,1540.5400390625,434
2023-04-04 15:22:00-04:00,1540.5400390625,1541.364990234375,1537.8900146484375,1537.8900146484375,1537.8900146484375,1517
2023-04-04 15:24:00-04:00,1537.1300048828125,1537.93994140625,1537.1300048828125,1537.93994140625,1537.93994140625,1414
2023-04-04 15:26:00-04:00,1537.9000244140625,1537.9000244140625,1537.9000244140625,1537.9000244140625,1537.9000244140625,227
2023-04-04 15:28:00-04:00,1536.6700439453125,1538.0,1536.6700439453125,1538.0,1538.0,350
2023-04-04 15:29:00-04:00,1537.3499755859375,1537.3499755859375,1537.3499755859375,1537.3499755859375,1537.3499755859375,909
2023-04-04 15:30:00-04:00,1537.175048828125,1537.175048828125,1537.1700439453125,1537.1700439453125,1537.1700439453125,552
2023-04-04 15:31:00-04:00,1536.949951171875,1537.1650390625,1536.949951171875,1537.1650390625,1537.1650390625,360
2023-04-04 15:33:00-04:00,1537.1650390625,1537.1650390625,1537.1650390625,1537.1650390625,1537.1650390625,296
2023-04-04 15:34:00-04:00,1536.760009765625,1536.760009765625,1536.760009765625,1536.760009765625,1536.760009765625,232
2023-04-04 15:35:00-04:00,1537.155029296875,1537.155029296875,1537.155029296875,1537.155029296875,1537.155029296875,158
2023-04-04 15:36:00-04:00,1536.7349853515625,1537.800048828125,1536.4200439453125,1537.3399658203125,1537.3399658203125,1612
2023-04-04 15:37:00-04:00,1537.530029296875,1537.530029296875,1537.47998046875,1537.47998046875,1537.47998046875,487
2023-04-04 15:38:00-04:00,1536.1500244140625,1536.1500244140625,1536.0400390625,1536.0400390625,1536.0400390625,1395
2023-04-04 15:41:00-04:00,1535.6099853515625,1535.6099853515625,1535.6099853515625,1535.6099853515625,1535.6099853515625,387
2023-04-04 15:43:00-04:00,1534.2900390625,1534.2900390625,1533.3699951171875,1533.6099853515625,1533.6099853515625,427
2023-04-04 15:44:00-04:00,1533.175048828125,1533.27001953125,1533.175048828125,1533.27001953125,1533.27001953125,474
2023-04-04 15:46:00-04:00,1533.1800537109375,1533.1800537109375,1533.1800537109375,1533.1800537109375,1533.1800537109375,297
2023-04-04 15:49:00-04:00,1533.2349853515625,1533.2349853515625,1533.2349853515625,1533.2349853515625,1533.2349853515625,403
2023-04-04 15:50:00-04:00,1533.7249755859375,1533.7249755859375,1533.7249755859375,1533.7249755859375,1533.7249755859375,380
2023-04-04 15:52:00-04:00,1534.2449951171875,1534.2449951171875,1534.2449951171875,1534.2449951171875,1534.2449951171875,737
2023-04-04 15:53:00-04:00,1534.2900390625,1534.2900390625,1534.2900390625,1534.2900390625,1534.2900390625,134
2023-04-04 15:54:00-04:00,1534.8499755859375,1534.989990234375,1533.2099609375,1533.719970703125,1533.719970703125,1441
2023-04-04 15:55:00-04:00,1534.239990234375,1534.239990234375,1533.489990234375,1533.489990234375,1533.489990234375,643
2023-04-04 15:56:00-04:00,1533.4000244140625,1533.844970703125,1533.4000244140625,1533.844970703125,1533.844970703125,471
2023-04-04 15:57:00-04:00,1532.5849609375,1532.5849609375,1532.5849609375,1532.5849609375,1532.5849609375,815
2023-04-04 15:58:00-04:00,1531.2750244140625,1531.2750244140625,1531.2750244140625,1531.2750244140625,1531.2750244140625,726
2023-04-04 15:59:00-04:00,1530.75,1531.2674560546875,1529.280029296875,1529.280029296875,1529.280029296875,5662
2023-04-05 09:30:00-04:00,1520.5999755859375,1520.5999755859375,1520.5999755859375,1520.5999755859375,1520.5999755859375,843
2023-04-05 09:31:00-04:00,1519.02001953125,1519.02001953125,1519.02001953125,1519.02001953125,1519.02001953125,723
2023-04-05 09:40:00-04:00,1515.3800048828125,1515.3800048828125,1515.3800048828125,1515.3800048828125,1515.3800048828125,565
2023-04-05 09:41:00-04:00,1510.010009765625,1510.010009765625,1510.010009765625,1510.010009765625,1510.010009765625,857
2023-04-05 09:53:00-04:00,1521.4100341796875,1521.4100341796875,1521.4100341796875,1521.4100341796875,1521.4100341796875,2150
2023-04-05 10:12:00-04:00,1522.260009765625,1522.260009765625,1521.6025390625,1521.6025390625,1521.6025390625,468
2023-04-05 10:13:00-04:00,1522.8599853515625,1522.8599853515625,1522.8599853515625,1522.8599853515625,1522.8599853515625,2002
2023-04-05 10:28:00-04:00,1526.1400146484375,1526.1400146484375,1526.1400146484375,1526.1400146484375,1526.1400146484375,444
2023-04-05 10:29:00-04:00,1525.280029296875,1525.280029296875,1525.280029296875,1525.280029296875,1525.280029296875,397
2023-04-05 10:31:00-04:00,1527.7650146484375,1527.7650146484375,1527.7650146484375,1527.7650146484375,1527.7650146484375,1307
2023-04-05 10:43:00-04:00,1525.6600341796875,1528.3599853515625,1525.6600341796875,1528.3599853515625,1528.3599853515625,1082
2023-04-05 10:44:00-04:00,1526.0699462890625,1526.0699462890625,1526.0699462890625,1526.0699462890625,1526.0699462890625,1276
2023-04-05 10:53:00-04:00,1525.8299560546875,1526.4100341796875,1525.8299560546875,1526.4100341796875,1526.4100341796875,475
2023-04-05 11:00:00-04:00,1526.9599609375,1526.9599609375,1526.9599609375,1526.9599609375,1526.9599609375,308
2023-04-05 11:02:00-04:00,1528.1300048828125,1528.1300048828125,1528.1300048828125,1528.1300048828125,1528.1300048828125,543
2023-04-05 11:05:00-04:00,1531.550048828125,1531.550048828125,1531.550048828125,1531.550048828125,1531.550048828125,225
2023-04-05 11:08:00-04:00,1532.0699462890625,1532.0699462890625,1532.0699462890625,1532.0699462890625,1532.0699462890625,365
2023-04-05 11:12:00-04:00,1534.1400146484375,1534.1400146484375,1534.1400146484375,1534.1400146484375,1534.1400146484375,470
2023-04-05 11:15:00-04:00,1536.6700439453125,1536.6700439453125,1536.6700439453125,1536.6700439453125,1536.6700439453125,424
2023-04-05 11:28:00-04:00,1535.75,1535.75,1535.75,1535.75,1535.75,350
2023-04-05 11:33:00-04:00,1537.5699462890625,1537.5699462890625,1537.5699462890625,1537.5699462890625,1537.5699462890625,515
2023-04-05 11:35:00-04:00,1537.1199951171875,1537.1199951171875,1537.1199951171875,1537.1199951171875,1537.1199951171875,575
2023-04-05 11:41:00-04:00,1542.27734375,1542.27734375,1542.27734375,1542.27734375,1542.27734375,519
2023-04-05 11:49:00-04:00,1540.02001953125,1540.8699951171875,1538.969970703125,1540.0,1540.0,1658
2023-04-05 11:50:00-04:00,1537.760009765625,1539.719970703125,1537.760009765625,1539.719970703125,1539.719970703125,368
2023-04-05 11:51:00-04:00,1537.52001953125,1537.52001953125,1537.52001953125,1537.52001953125,1537.52001953125,861
2023-04-05 12:07:00-04:00,1537.52001953125,1537.52001953125,1536.8399658203125,1536.8399658203125,1536.8399658203125,1133
2023-04-05 12:14:00-04:00,1535.7049560546875,1535.7049560546875,1535.7049560546875,1535.7049560546875,1535.7049560546875,204
2023-04-05 12:16:00-04:00,1535.7049560546875,1535.7049560546875,1535.7049560546875,1535.7049560546875,1535.7049560546875,699
2023-04-05 12:19:00-04:00,1536.31005859375,1536.31005859375,1536.31005859375,1536.31005859375,1536.31005859375,149
2023-04-05 12:20:00-04:00,1539.260009765625,1539.260009765625,1538.719970703125,1538.719970703125,1538.719970703125,281
2023-04-05 12:21:00-04:00,1537.5999755859375,1538.219970703125,1537.5999755859375,1538.219970703125,1538.219970703125,693
2023-04-05 12:22:00-04:00,1540.3199462890625,1540.3199462890625,1537.7099609375,1537.7099609375,1537.7099609375,847
2023-04-05 12:24:00-04:00,1537.5999755859375,1537.5999755859375,1537.5999755859375,1537.5999755859375,1537.5999755859375,280
2023-04-05 12:25:00-04:00,1535.9449462890625,1535.9449462890625,1535.9449462890625,1535.9449462890625,1535.9449462890625,432
2023-04-05 12:31:00-04:00,1537.27001953125,1537.27001953125,1537.27001953125,1537.27001953125,1537.27001953125,225
2023-04-05 12:37:00-04:00,1539.31005859375,1539.31005859375,1536.699951171875,1536.699951171875,1536.699951171875,710
2023-04-05 12:49:00-04:00,1537.5350341796875,1537.5350341796875,1537.5350341796875,1537.5350341796875,1537.5350341796875,307
2023-04-05 12:50:00-04:00,1535.469970703125,1535.469970703125,1535.469970703125,1535.469970703125,1535.469970703125,535
2023-04-05 13:11:00-04:00,1534.699951171875,1534.699951171875,1534.699951171875,1534.699951171875,1534.699951171875,834
2023-04-05 13:12:00-04:00,1536.780029296875,1536.780029296875,1536.699951171875,1536.699951171875,1536.699951171875,1586
2023-04-05 13:13:00-04:00,1535.22998046875,1535.5899658203125,1535.22998046875,1535.5899658203125,1535.5899658203125,581
2023-04-05 13:14:00-04:00,1534.6400146484375,1536.719970703125,1534.6400146484375,1536.719970703125,1536.719970703125,991
2023-04-05 13:20:00-04:00,1533.8900146484375,1533.8900146484375,1533.8900146484375,1533.8900146484375,1533.8900146484375,407
2023-04-05 13:22:00-04:00,1533.2900390625,1533.2900390625,1533.2900390625,1533.2900390625,1533.2900390625,845
2023-04-05 13:34:00-04:00,1530.510009765625,1530.56005859375,1530.18994140625,1530.56005859375,1530.56005859375,675
2023-04-05 13:36:00-04:00,1529.050048828125,1529.050048828125,1529.050048828125,1529.050048828125,1529.050048828125,393
2023-04-05 13:47:00-04:00,1526.7850341796875,1526.7850341796875,1526.7850341796875,1526.7850341796875,1526.7850341796875,759
2023-04-05 13:57:00-04:00,1530.7900390625,1530.7900390625,1530.7900390625,1530.7900390625,1530.7900390625,534
2023-04-05 13:59:00-04:00,1530.699951171875,1531.0,1530.699951171875,1531.0,1531.0,361
2023-04-05 14:00:00-04:00,1532.469970703125,1532.469970703125,1532.469970703125,1532.469970703125,1532.469970703125,1442
2023-04-05 14:28:00-04:00,1531.9200439453125,1531.9200439453125,1531.9200439453125,1531.9200439453125,1531.9200439453125,1464
2023-04-05 14:43:00-04:00,1534.1700439453125,1534.1700439453125,1534.1700439453125,1534.1700439453125,1534.1700439453125,165
2023-04-05 14:44:00-04:00,1532.31005859375,1532.31005859375,1532.31005859375,1532.31005859375,1532.31005859375,1141
2023-04-05 14:57:00-04:00,1531.6700439453125,1531.6700439453125,1531.6700439453125,1531.6700439453125,1531.6700439453125,287
2023-04-05 14:58:00-04:00,1532.06005859375,1532.06005859375,1529.0450439453125,1529.0450439453125,1529.0450439453125,1398
2023-04-05 15:00:00-04:00,1528.9100341796875,1528.9100341796875,1528.9100341796875,1528.9100341796875,1528.9100341796875,393
2023-04-05 15:01:00-04:00,1529.4300537109375,1529.4300537109375,1529.4300537109375,1529.4300537109375,1529.4300537109375,193
2023-04-05 15:02:00-04:00,1529.385009765625,1529.385009765625,1529.385009765625,1529.385009765625,1529.385009765625,638
2023-04-05 15:10:00-04:00,1529.0400390625,1529.0400390625,1529.0400390625,1529.0400390625,1529.0400390625,243
2023-04-05 15:12:00-04:00,1529.0699462890625,1529.0699462890625,1529.0699462890625,1529.0699462890625,1529.0699462890625,1677
2023-04-05 15:26:00-04:00,1531.1400146484375,1532.5999755859375,1530.72998046875,1532.5999755859375,1532.5999755859375,2332
2023-04-05 15:27:00-04:00,1532.5999755859375,1532.5999755859375,1532.5999755859375,1532.5999755859375,1532.5999755859375,642
2023-04-05 15:29:00-04:00,1531.0,1531.0,1531.0,1531.0,1531.0,413
2023-04-05 15:31:00-04:00,1532.6400146484375,1532.6400146484375,1532.6400146484375,1532.6400146484375,1532.6400146484375,2104
2023-04-05 15:39:00-04:00,1531.010009765625,1531.010009765625,1531.010009765625,1531.010009765625,1531.010009765625,412
2023-04-05 15:41:00-04:00,1530.43994140625,1530.43994140625,1530.43994140625,1530.43994140625,1530.43994140625,881
2023-04-05 15:45:00-04:00,1533.6650390625,1533.6650390625,1533.6650390625,1533.6650390625,1533.6650390625,447
2023-04-05 15:51:00-04:00,1533.780029296875,1533.7900390625,1532.6300048828125,1533.489990234375,1533.489990234375,1905
2023-04-05 15:52:00-04:00,1535.510009765625,1535.510009765625,1535.510009765625,1535.510009765625,1535.510009765625,213
2023-04-05 15:53:00-04:00,1534.1600341796875,1534.1600341796875,1534.1600341796875,1534.1600341796875,1534.1600341796875,539
2023-04-05 15:54:00-04:00,1532.68994140625,1533.8349609375,1532.68994140625,1533.8349609375,1533.8349609375,742
2023-04-05 15:56:00-04:00,1532.97998046875,1533.0450439453125,1531.239990234375,1531.239990234375,1531.239990234375,1764
2023-04-05 15:57:00-04:00,1532.344970703125,1532.344970703125,1532.344970703125,1532.344970703125,1532.344970703125,293
2023-04-05 15:58:00-04:00,1532.3900146484375,1532.3900146484375,1532.3900146484375,1532.3900146484375,1532.3900146484375,560
2023-04-05 15:59:00-04:00,1531.4100341796875,1531.4100341796875,1529.489990234375,1529.489990234375,1529.489990234375,1546
2023-04-06 09:30:00-04:00,1529.5899658203125,1529.5899658203125,1529.5899658203125,1529.5899658203125,1529.5899658203125,494
2023-04-06 09:38:00-04:00,1524.8599853515625,1525.9599609375,1524.8599853515625,1525.9599609375,1525.9599609375,540
2023-04-06 09:39:00-04:00,1515.1800537109375,1515.1800537109375,1515.1800537109375,1515.1800537109375,1515.1800537109375,210
2023-04-06 09:40:00-04:00,1519.6500244140625,1519.6500244140625,1519.6500244140625,1519.6500244140625,1519.6500244140625,250
2023-04-06 09:44:00-04:00,1517.68994140625,1517.68994140625,1517.68994140625,1517.68994140625,1517.68994140625,416
2023-04-06 09:46:00-04:00,1517.6600341796875,1517.6600341796875,1517.6600341796875,1517.6600341796875,1517.6600341796875,335
2023-04-06 09:47:00-04:00,1525.6800537109375,1525.6800537109375,1525.6800537109375,1525.6800537109375,1525.6800537109375,880
2023-04-06 09:51:00-04:00,1516.8900146484375,1516.8900146484375,1516.8900146484375,1516.8900146484375,1516.8900146484375,466
2023-04-06 10:01:00-04:00,1515.300048828125,1515.300048828125,1515.300048828125,1515.300048828125,1515.300048828125,583
2023-04-06 10:12:00-04:00,1517.8050537109375,1517.8050537109375,1516.3199462890625,1516.3199462890625,1516.3199462890625,627
2023-04-06 10:13:00-04:00,1514.550048828125,1514.550048828125,1514.550048828125,1514.550048828125,1514.550048828125,494
2023-04-06 10:18:00-04:00,1514.5400390625,1514.5400390625,1514.5400390625,1514.5400390625,1514.5400390625,720
2023-04-06 10:19:00-04:00,1517.8399658203125,1517.8399658203125,1517.8399658203125,1517.8399658203125,1517.8399658203125,393
2023-04-06 10:23:00-04:00,1514.8499755859375,1514.8499755859375,1514.8499755859375,1514.8499755859375,1514.8499755859375,291
2023-04-06 10:29:00-04:00,1515.4100341796875,1515.4100341796875,1515.4100341796875,1515.4100341796875,1515.4100341796875,170
2023-04-06 10:34:00-04:00,1515.8399658203125,1515.8399658203125,1515.8399658203125,1515.8399658203125,1515.8399658203125,269
2023-04-06 10:37:00-04:00,1514.8599853515625,1514.8599853515625,1514.8599853515625,1514.8599853515625,1514.8599853515625,875
2023-04-06 10:39:00-04:00,1512.27001953125,1512.27001953125,1511.7900390625,1511.7900390625,1511.7900390625,343
2023-04-06 10:40:00-04:00,1514.449951171875,1514.449951171875,1514.449951171875,1514.449951171875,1514.449951171875,560
2023-04-06 10:45:00-04:00,1510.0350341796875,1510.0350341796875,1510.0350341796875,1510.0350341796875,1510.0350341796875,112
2023-04-06 10:47:00-04:00,1514.219970703125,1514.219970703125,1514.219970703125,1514.219970703125,1514.219970703125,426
2023-04-06 10:52:00-04:00,1511.5,1511.9599609375,1511.5,1511.8199462890625,1511.8199462890625,593
2023-04-06 10:53:00-04:00,1514.77001953125,1514.77001953125,1512.9599609375,1512.9599609375,1512.9599609375,760
2023-04-06 10:54:00-04:00,1513.989990234375,1513.989990234375,1511.3299560546875,1513.68994140625,1513.68994140625,1166
2023-04-06 10:55:00-04:00,1513.969970703125,1513.969970703125,1511.8499755859375,1511.8499755859375,1511.8499755859375,830
2023-04-06 10:56:00-04:00,1513.9200439453125,1513.9200439453125,1513.9200439453125,1513.9200439453125,1513.9200439453125,459
2023-04-06 11:01:00-04:00,1513.97998046875,1513.97998046875,1513.6800537109375,1513.6800537109375,1513.6800537109375,708
2023-04-06 11:06:00-04:00,1512.4200439453125,1512.4200439453125,1512.4200439453125,1512.4200439453125,1512.4200439453125,228
2023-04-06 11:11:00-04:00,1513.25,1513.25,1512.344970703125,1512.344970703125,1512.344970703125,486
2023-04-06 11:17:00-04:00,1511.56005859375,1511.56005859375,1511.56005859375,1511.56005859375,1511.56005859375,1147
2023-04-06 11:25:00-04:00,1511.0,1511.0,1510.614990234375,1510.614990234375,1510.614990234375,1143
2023-04-06 11:31:00-04:00,1507.1800537109375,1507.1800537109375,1507.1800537109375,1507.1800537109375,1507.1800537109375,121
2023-04-06 11:32:00-04:00,1509.8399658203125,1509.8399658203125,1509.0999755859375,1509.0999755859375,1509.0999755859375,1076
2023-04-06 11:38:00-04:00,1510.050048828125,1510.050048828125,1510.050048828125,1510.050048828125,1510.050048828125,392
2023-04-06 11:42:00-04:00,1509.6199951171875,1509.6199951171875,1509.6199951171875,1509.6199951171875,1509.6199951171875,275
2023-04-06 11:52:00-04:00,1510.989990234375,1510.989990234375,1510.989990234375,1510.989990234375,1510.989990234375,308
2023-04-06 12:03:00-04:00,1512.1099853515625,1512.1099853515625,1512.1099853515625,1512.1099853515625,1512.1099853515625,132
2023-04-06 12:04:00-04:00,1512.199951171875,1512.199951171875,1511.3499755859375,1511.3499755859375,1511.3499755859375,946
2023-04-06 12:14:00-04:00,1511.0999755859375,1511.0999755859375,1511.0999755859375,1511.0999755859375,1511.0999755859375,678
2023-04-06 12:25:00-04:00,1510.9200439453125,1510.9200439453125,1510.9200439453125,1510.9200439453125,1510.9200439453125,746
2023-04-06 12:32:00-04:00,1514.3499755859375,1514.3499755859375,1514.3499755859375,1514.3499755859375,1514.3499755859375,165
2023-04-06 12:36:00-04:00,1512.5999755859375,1512.5999755859375,1512.5999755859375,1512.5999755859375,1512.5999755859375,134
2023-04-06 12:37:00-04:00,1511.93994140625,1511.93994140625,1511.93994140625,1511.93994140625,1511.93994140625,212
2023-04-06 12:45:00-04:00,1513.6600341796875,1513.6600341796875,1513.6600341796875,1513.6600341796875,1513.6600341796875,2833
2023-04-06 12:46:00-04:00,1512.43994140625,1512.43994140625,1512.030029296875,1512.030029296875,1512.030029296875,1033
2023-04-06 12:57:00-04:00,1511.8900146484375,1511.8900146484375,1511.3199462890625,1511.3199462890625,1511.3199462890625,596
2023-04-06 13:05:00-04:00,1511.1400146484375,1511.1400146484375,1511.1400146484375,1511.1400146484375,1511.1400146484375,163
2023-04-06 13:06:00-04:00,1511.530029296875,1511.530029296875,1510.719970703125,1510.719970703125,1510.719970703125,421
2023-04-06 13:08:00-04:00,1511.4599609375,1511.4599609375,1511.4599609375,1511.4599609375,1511.4599609375,228
2023-04-06 13:11:00-04:00,1513.3050537109375,1513.3050537109375,1513.3050537109375,1513.3050537109375,1513.3050537109375,1195
2023-04-06 13:19:00-04:00,1514.010009765625,1514.010009765625,1514.010009765625,1514.010009765625,1514.010009765625,411
2023-04-06 13:29:00-04:00,1516.1500244140625,1516.1500244140625,1516.1500244140625,1516.1500244140625,1516.1500244140625,102
2023-04-06 13:30:00-04:00,1515.31494140625,1515.31494140625,1515.31494140625,1515.31494140625,1515.31494140625,301
2023-04-06 13:33:00-04:00,1515.0999755859375,1515.0999755859375,1515.0999755859375,1515.0999755859375,1515.0999755859375,113
2023-04-06 13:34:00-04:00,1515.030029296875,1516.489990234375,1515.030029296875,1516.489990234375,1516.489990234375,576
2023-04-06 13:40:00-04:00,1517.239990234375,1518.0799560546875,1515.8399658203125,1518.0799560546875,1518.0799560546875,802
2023-04-06 13:47:00-04:00,1514.8299560546875,1514.8299560546875,1514.8299560546875,1514.8299560546875,1514.8299560546875,510
2023-04-06 13:51:00-04:00,1513.699951171875,1513.699951171875,1513.699951171875,1513.699951171875,1513.699951171875,235
2023-04-06 13:54:00-04:00,1514.7900390625,1514.7900390625,1514.7900390625,1514.7900390625,1514.7900390625,730
2023-04-06 14:02:00-04:00,1514.449951171875,1514.449951171875,1514.449951171875,1514.449951171875,1514.449951171875,395
2023-04-06 14:13:00-04:00,1515.0999755859375,1515.0999755859375,1515.0999755859375,1515.0999755859375,1515.0999755859375,354
2023-04-06 14:21:00-04:00,1514.5899658203125,1514.5899658203125,1514.5899658203125,1514.5899658203125,1514.5899658203125,245
2023-04-06 14:23:00-04:00,1513.97998046875,1513.97998046875,1513.97998046875,1513.97998046875,1513.97998046875,279
2023-04-06 14:28:00-04:00,1513.5,1513.5,1513.5,1513.5,1513.5,1082
2023-04-06 14:34:00-04:00,1512.31005859375,1512.31005859375,1512.31005859375,1512.31005859375,1512.31005859375,534
2023-04-06 14:38:00-04:00,1511.699951171875,1513.0699462890625,1511.699951171875,1512.0799560546875,1512.0799560546875,710
2023-04-06 14:39:00-04:00,1512.219970703125,1513.2919921875,1510.989990234375,1512.1639404296875,1512.1639404296875,2600
2023-04-06 14:45:00-04:00,1507.5799560546875,1507.5799560546875,1507.5799560546875,1507.5799560546875,1507.5799560546875,127
2023-04-06 14:47:00-04:00,1509.1400146484375,1509.1400146484375,1509.125,1509.125,1509.125,408
2023-04-06 14:51:00-04:00,1505.6500244140625,1505.6500244140625,1505.6500244140625,1505.6500244140625,1505.6500244140625,170
2023-04-06 14:53:00-04:00,1505.9849853515625,1505.9849853515625,1505.9849853515625,1505.9849853515625,1505.9849853515625,963
2023-04-06 14:56:00-04:00,1500.3800048828125,1500.3800048828125,1500.3800048828125,1500.3800048828125,1500.3800048828125,791
2023-04-06 15:02:00-04:00,1501.280029296875,1501.280029296875,1501.280029296875,1501.280029296875,1501.280029296875,414
2023-04-06 15:06:00-04:00,1502.06005859375,1502.06005859375,1502.06005859375,1502.06005859375,1502.06005859375,460
2023-04-06 15:10:00-04:00,1503.81005859375,1503.81005859375,1503.81005859375,1503.81005859375,1503.81005859375,934
2023-04-06 15:17:00-04:00,1504.639892578125,1504.639892578125,1502.1700439453125,1502.1700439453125,1502.1700439453125,2680
2023-04-06 15:19:00-04:00,1502.4000244140625,1502.4000244140625,1502.4000244140625,1502.4000244140625,1502.4000244140625,560
2023-04-06 15:21:00-04:00,1502.3699951171875,1502.9449462890625,1502.3699951171875,1502.3699951171875,1502.3699951171875,948
2023-04-06 15:22:00-04:00,1501.030029296875,1501.030029296875,1501.030029296875,1501.030029296875,1501.030029296875,608
2023-04-06 15:27:00-04:00,1501.68994140625,1501.68994140625,1501.68994140625,1501.68994140625,1501.68994140625,308
2023-04-06 15:28:00-04:00,1500.43994140625,1500.43994140625,1500.43994140625,1500.43994140625,1500.43994140625,281
2023-04-06 15:30:00-04:00,1501.9449462890625,1501.9449462890625,1501.9449462890625,1501.9449462890625,1501.9449462890625,435
2023-04-06 15:32:00-04:00,1501.8800048828125,1502.3050537109375,1501.8699951171875,1501.8699951171875,1501.8699951171875,1138
2023-04-06 15:33:00-04:00,1501.8699951171875,1503.43994140625,1501.8699951171875,1503.0699462890625,1503.0699462890625,3272
2023-04-06 15:39:00-04:00,1503.030029296875,1503.06005859375,1502.31005859375,1502.31005859375,1502.31005859375,1022
2023-04-06 15:41:00-04:00,1502.8599853515625,1502.8599853515625,1502.8599853515625,1502.8599853515625,1502.8599853515625,128
2023-04-06 15:42:00-04:00,1502.3699951171875,1502.3699951171875,1502.3699951171875,1502.3699951171875,1502.3699951171875,547
2023-04-06 15:44:00-04:00,1501.550048828125,1501.550048828125,1501.550048828125,1501.550048828125,1501.550048828125,268
2023-04-06 15:45:00-04:00,1502.0999755859375,1502.0999755859375,1502.0999755859375,1502.0999755859375,1502.0999755859375,115
2023-04-06 15:48:00-04:00,1502.2850341796875,1502.3399658203125,1501.844970703125,1502.3399658203125,1502.3399658203125,1980
2023-04-06 15:49:00-04:00,1502.3599853515625,1503.1099853515625,1502.3599853515625,1503.1099853515625,1503.1099853515625,2132
2023-04-06 15:50:00-04:00,1502.135009765625,1502.135009765625,1502.114990234375,1502.114990234375,1502.114990234375,605
2023-04-06 15:51:00-04:00,1502.0849609375,1502.0849609375,1502.0,1502.0,1502.0,1005
2023-04-06 15:52:00-04:00,1502.0,1502.0,1502.0,1502.0,1502.0,135
2023-04-06 15:53:00-04:00,1501.22998046875,1501.22998046875,1501.22998046875,1501.22998046875,1501.22998046875,344
2023-04-06 15:55:00-04:00,1500.6099853515625,1500.6099853515625,1500.0,1500.0,1500.0,1139
2023-04-06 15:56:00-04:00,1500.52001953125,1500.52001953125,1497.06005859375,1497.06005859375,1497.06005859375,1693
2023-04-06 15:57:00-04:00,1496.260009765625,1498.43994140625,1496.260009765625,1496.9300537109375,1496.9300537109375,2033
2023-04-06 15:58:00-04:00,1497.6600341796875,1497.6600341796875,1496.8499755859375,1496.8900146484375,1496.8900146484375,1420
2023-04-06 15:59:00-04:00,1496.9000244140625,1501.449951171875,1496.8800048828125,1499.0999755859375,1499.0999755859375,8684
