Datetime,Open,High,Low,Close,Adj Close,Volume
2023-03-23 09:30:00-04:00,1462.969970703125,1462.969970703125,1462.969970703125,1462.969970703125,1462.969970703125,814
2023-03-23 09:36:00-04:00,1460.3050537109375,1460.31005859375,1460.3050537109375,1460.3050537109375,1460.3050537109375,470
2023-03-23 09:44:00-04:00,1467.5999755859375,1467.5999755859375,1467.5999755859375,1467.5999755859375,1467.5999755859375,1358
2023-03-23 09:59:00-04:00,1473.010009765625,1475.3699951171875,1473.010009765625,1475.3699951171875,1475.3699951171875,1004
2023-03-23 10:04:00-04:00,1475.3199462890625,1482.469970703125,1474.780029296875,1482.469970703125,1482.469970703125,708
2023-03-23 10:05:00-04:00,1477.6300048828125,1478.8299560546875,1477.6300048828125,1478.8299560546875,1478.8299560546875,1295
2023-03-23 10:10:00-04:00,1483.6600341796875,1483.6600341796875,1483.6600341796875,1483.6600341796875,1483.6600341796875,284
2023-03-23 10:13:00-04:00,1483.0,1483.0,1483.0,1483.0,1483.0,434
2023-03-23 10:16:00-04:00,1481.3499755859375,1481.3499755859375,1481.3499755859375,1481.3499755859375,1481.3499755859375,717
2023-03-23 10:18:00-04:00,1479.489990234375,1480.469970703125,1479.489990234375,1480.469970703125,1480.469970703125,1008
2023-03-23 10:29:00-04:00,1476.300048828125,1476.300048828125,1476.300048828125,1476.300048828125,1476.300048828125,628
2023-03-23 10:39:00-04:00,1476.25,1476.25,1476.25,1476.25,1476.25,368
2023-03-23 10:40:00-04:00,1476.0699462890625,1476.0699462890625,1476.0699462890625,1476.0699462890625,1476.0699462890625,176
2023-03-23 10:41:00-04:00,1476.02001953125,1476.02001953125,1476.02001953125,1476.02001953125,1476.02001953125,980
2023-03-23 10:52:00-04:00,1490.1800537109375,1490.1800537109375,1490.1800537109375,1490.1800537109375,1490.1800537109375,1095
2023-03-23 10:53:00-04:00,1487.8399658203125,1487.8399658203125,1485.25,1485.25,1485.25,596
2023-03-23 10:56:00-04:00,1483.68994140625,1483.68994140625,1480.5400390625,1481.9000244140625,1481.9000244140625,1146
2023-03-23 11:01:00-04:00,1483.6800537109375,1483.6800537109375,1483.6800537109375,1483.6800537109375,1483.6800537109375,539
2023-03-23 11:15:00-04:00,1479.3800048828125,1479.3800048828125,1477.3199462890625,1477.3199462890625,1477.3199462890625,1078
2023-03-23 11:18:00-04:00,1477.1800537109375,1477.1800537109375,1477.1800537109375,1477.1800537109375,1477.1800537109375,627
2023-03-23 11:32:00-04:00,1477.6800537109375,1477.6800537109375,1477.6800537109375,1477.6800537109375,1477.6800537109375,676
2023-03-23 11:39:00-04:00,1478.199951171875,1478.199951171875,1478.199951171875,1478.199951171875,1478.199951171875,205
2023-03-23 11:40:00-04:00,1478.0400390625,1478.0400390625,1478.0400390625,1478.0400390625,1478.0400390625,206
2023-03-23 11:42:00-04:00,1475.68994140625,1475.68994140625,1475.68505859375,1475.68505859375,1475.68505859375,868
2023-03-23 11:50:00-04:00,1475.969970703125,1475.969970703125,1475.969970703125,1475.969970703125,1475.969970703125,656
2023-03-23 12:00:00-04:00,1473.52001953125,1473.52001953125,1473.52001953125,1473.52001953125,1473.52001953125,647
2023-03-23 12:07:00-04:00,1476.969970703125,1476.969970703125,1476.969970703125,1476.969970703125,1476.969970703125,904
2023-03-23 12:15:00-04:00,1474.93994140625,1474.93994140625,1474.93994140625,1474.93994140625,1474.93994140625,310
2023-03-23 12:17:00-04:00,1474.4100341796875,1474.4100341796875,1474.4100341796875,1474.4100341796875,1474.4100341796875,1205
2023-03-23 12:32:00-04:00,1476.9599609375,1476.9599609375,1474.8399658203125,1474.8399658203125,1474.8399658203125,1513
2023-03-23 12:53:00-04:00,1470.8299560546875,1470.8299560546875,1470.8299560546875,1470.8299560546875,1470.8299560546875,128
2023-03-23 12:54:00-04:00,1471.5999755859375,1471.5999755859375,1471.5999755859375,1471.5999755859375,1471.5999755859375,735
2023-03-23 13:00:00-04:00,1467.8299560546875,1467.8299560546875,1467.8299560546875,1467.8299560546875,1467.8299560546875,746
2023-03-23 13:05:00-04:00,1467.1400146484375,1468.1099853515625,1466.06005859375,1468.1099853515625,1468.1099853515625,1391
2023-03-23 13:11:00-04:00,1462.0799560546875,1462.0799560546875,1462.0799560546875,1462.0799560546875,1462.0799560546875,396
2023-03-23 13:14:00-04:00,1464.260009765625,1464.52001953125,1464.260009765625,1464.52001953125,1464.52001953125,257
2023-03-23 13:16:00-04:00,1463.5400390625,1463.5400390625,1463.5400390625,1463.5400390625,1463.5400390625,1742
2023-03-23 13:30:00-04:00,1461.81005859375,1461.81005859375,1461.81005859375,1461.81005859375,1461.81005859375,674
2023-03-23 13:33:00-04:00,1462.4599609375,1462.4599609375,1462.4599609375,1462.4599609375,1462.4599609375,1140
2023-03-23 13:50:00-04:00,1459.8399658203125,1459.8399658203125,1459.8399658203125,1459.8399658203125,1459.8399658203125,372
2023-03-23 13:55:00-04:00,1459.6199951171875,1459.9599609375,1459.6199951171875,1459.9599609375,1459.9599609375,2290
2023-03-23 14:16:00-04:00,1460.3299560546875,1460.3299560546875,1460.3299560546875,1460.3299560546875,1460.3299560546875,459
2023-03-23 14:22:00-04:00,1458.9100341796875,1458.9100341796875,1458.68994140625,1458.68994140625,1458.68994140625,217
2023-03-23 14:25:00-04:00,1460.81005859375,1460.81005859375,1457.449951171875,1457.449951171875,1457.449951171875,1364
2023-03-23 14:31:00-04:00,1456.3900146484375,1457.3399658203125,1456.3900146484375,1457.3399658203125,1457.3399658203125,554
2023-03-23 14:32:00-04:00,1455.260009765625,1455.260009765625,1455.260009765625,1455.260009765625,1455.260009765625,1020
2023-03-23 14:40:00-04:00,1454.5899658203125,1454.7900390625,1454.5899658203125,1454.7900390625,1454.7900390625,957
2023-03-23 14:45:00-04:00,1454.2099609375,1454.2099609375,1454.2099609375,1454.2099609375,1454.2099609375,398
2023-03-23 14:48:00-04:00,1452.0999755859375,1452.0999755859375,1452.0999755859375,1452.0999755859375,1452.0999755859375,140
2023-03-23 14:49:00-04:00,1451.27001953125,1451.27001953125,1451.27001953125,1451.27001953125,1451.27001953125,529
2023-03-23 14:54:00-04:00,1445.300048828125,1445.300048828125,1445.1199951171875,1445.1199951171875,1445.1199951171875,1172
2023-03-23 15:00:00-04:00,1453.8399658203125,1453.8399658203125,1453.8399658203125,1453.8399658203125,1453.8399658203125,586
2023-03-23 15:02:00-04:00,1453.3399658203125,1453.3399658203125,1453.3349609375,1453.3349609375,1453.3349609375,322
2023-03-23 15:03:00-04:00,1453.155029296875,1453.155029296875,1453.1500244140625,1453.1500244140625,1453.1500244140625,460
2023-03-23 15:07:00-04:00,1453.799560546875,1453.799560546875,1453.799560546875,1453.799560546875,1453.799560546875,468
2023-03-23 15:09:00-04:00,1451.449951171875,1455.114990234375,1451.449951171875,1455.114990234375,1455.114990234375,438
2023-03-23 15:10:00-04:00,1456.7099609375,1456.7099609375,1456.7099609375,1456.7099609375,1456.7099609375,427
2023-03-23 15:13:00-04:00,1453.1600341796875,1453.1600341796875,1453.1600341796875,1453.1600341796875,1453.1600341796875,365
2023-03-23 15:15:00-04:00,1453.5350341796875,1455.969970703125,1453.5350341796875,1455.969970703125,1455.969970703125,627
2023-03-23 15:18:00-04:00,1450.1800537109375,1450.1800537109375,1449.9300537109375,1449.9300537109375,1449.9300537109375,482
2023-03-23 15:20:00-04:00,1446.1800537109375,1446.1800537109375,1446.1800537109375,1446.1800537109375,1446.1800537109375,341
2023-03-23 15:22:00-04:00,1445.27001953125,1445.27001953125,1445.27001953125,1445.27001953125,1445.27001953125,700
2023-03-23 15:23:00-04:00,1445.844970703125,1448.449951171875,1445.844970703125,1448.449951171875,1448.449951171875,1204
2023-03-23 15:34:00-04:00,1449.6099853515625,1449.6099853515625,1449.6099853515625,1449.6099853515625,1449.6099853515625,188
2023-03-23 15:35:00-04:00,1447.6300048828125,1448.81005859375,1447.6199951171875,1447.8299560546875,1447.8299560546875,562
2023-03-23 15:36:00-04:00,1447.8299560546875,1447.8299560546875,1447.510009765625,1447.510009765625,1447.510009765625,401
2023-03-23 15:37:00-04:00,1448.5,1448.5,1448.5,1448.5,1448.5,382
2023-03-23 15:39:00-04:00,1447.7099609375,1447.7099609375,1447.7099609375,1447.7099609375,1447.7099609375,607
2023-03-23 15:41:00-04:00,1447.5899658203125,1447.5899658203125,1447.469970703125,1447.469970703125,1447.469970703125,500
2023-03-23 15:42:00-04:00,1447.4200439453125,1447.4200439453125,1447.4200439453125,1447.4200439453125,1447.4200439453125,320
2023-03-23 15:43:00-04:00,1449.2850341796875,1449.2850341796875,1449.2850341796875,1449.2850341796875,1449.2850341796875,425
2023-03-23 15:45:00-04:00,1450.0,1452.27001953125,1450.0,1452.27001953125,1452.27001953125,1808
2023-03-23 15:47:00-04:00,1454.3199462890625,1454.9100341796875,1454.3199462890625,1454.9100341796875,1454.9100341796875,791
2023-03-23 15:50:00-04:00,1455.3800048828125,1457.5799560546875,1455.3800048828125,1455.6099853515625,1455.6099853515625,2105
2023-03-23 15:51:00-04:00,1454.8900146484375,1455.0050048828125,1454.3599853515625,1454.3599853515625,1454.3599853515625,1153
2023-03-23 15:55:00-04:00,1452.6600341796875,1452.6600341796875,1451.7900390625,1451.7900390625,1451.7900390625,1050
2023-03-23 15:56:00-04:00,1452.0799560546875,1453.47998046875,1452.0799560546875,1453.239990234375,1453.239990234375,719
2023-03-23 15:57:00-04:00,1456.02001953125,1456.02001953125,1456.02001953125,1456.02001953125,1456.02001953125,605
2023-03-23 15:59:00-04:00,1451.3499755859375,1451.3499755859375,1448.699951171875,1448.699951171875,1448.699951171875,2697
2023-03-24 09:30:00-04:00,1447.260009765625,1447.260009765625,1447.260009765625,1447.260009765625,1447.260009765625,1133
2023-03-24 09:38:00-04:00,1430.0,1430.0,1430.0,1430.0,1430.0,138
2023-03-24 09:39:00-04:00,1429.510009765625,1429.510009765625,1429.510009765625,1429.510009765625,1429.510009765625,883
2023-03-24 09:46:00-04:00,1428.6199951171875,1428.7950439453125,1428.6099853515625,1428.7950439453125,1428.7950439453125,1647
2023-03-24 09:52:00-04:00,1428.0999755859375,1428.1099853515625,1428.0999755859375,1428.1099853515625,1428.1099853515625,459
2023-03-24 09:53:00-04:00,1428.5400390625,1430.1600341796875,1428.1800537109375,1430.1600341796875,1430.1600341796875,786
2023-03-24 09:57:00-04:00,1434.280029296875,1434.280029296875,1434.280029296875,1434.280029296875,1434.280029296875,683
2023-03-24 10:04:00-04:00,1440.0,1440.0,1440.0,1440.0,1440.0,283
2023-03-24 10:06:00-04:00,1437.2049560546875,1437.2049560546875,1437.2049560546875,1437.2049560546875,1437.2049560546875,1786
2023-03-24 10:19:00-04:00,1436.6700439453125,1436.6700439453125,1436.6700439453125,1436.6700439453125,1436.6700439453125,901
2023-03-24 10:26:00-04:00,1439.75,1439.75,1439.75,1439.75,1439.75,1535
2023-03-24 10:40:00-04:00,1438.6500244140625,1438.6500244140625,1438.6500244140625,1438.6500244140625,1438.6500244140625,973
2023-03-24 10:56:00-04:00,1437.8299560546875,1437.8299560546875,1437.8299560546875,1437.8299560546875,1437.8299560546875,646
2023-03-24 11:07:00-04:00,1439.0799560546875,1439.0799560546875,1439.0799560546875,1439.0799560546875,1439.0799560546875,1110
2023-03-24 11:09:00-04:00,1436.719970703125,1437.4599609375,1436.6400146484375,1437.4599609375,1437.4599609375,1688
2023-03-24 11:22:00-04:00,1435.3599853515625,1435.3599853515625,1435.3599853515625,1435.3599853515625,1435.3599853515625,540
2023-03-24 11:30:00-04:00,1439.8299560546875,1439.8299560546875,1439.8299560546875,1439.8299560546875,1439.8299560546875,856
2023-03-24 11:45:00-04:00,1440.0899658203125,1440.0899658203125,1440.0899658203125,1440.0899658203125,1440.0899658203125,476
2023-03-24 11:46:00-04:00,1442.969970703125,1445.0,1442.010009765625,1445.0,1445.0,2032
2023-03-24 12:01:00-04:00,1445.0,1446.1400146484375,1445.0,1446.1400146484375,1446.1400146484375,476
2023-03-24 12:04:00-04:00,1443.1600341796875,1443.1600341796875,1443.1600341796875,1443.1600341796875,1443.1600341796875,815
2023-03-24 12:19:00-04:00,1440.030029296875,1440.030029296875,1440.030029296875,1440.030029296875,1440.030029296875,1005
2023-03-24 12:28:00-04:00,1445.8199462890625,1445.8199462890625,1445.8199462890625,1445.8199462890625,1445.8199462890625,433
2023-03-24 12:48:00-04:00,1446.800048828125,1446.800048828125,1446.800048828125,1446.800048828125,1446.800048828125,513
2023-03-24 12:49:00-04:00,1449.6300048828125,1449.6300048828125,1449.6300048828125,1449.6300048828125,1449.6300048828125,596
2023-03-24 12:56:00-04:00,1450.0,1450.0,1449.8299560546875,1449.8299560546875,1449.8299560546875,668
2023-03-24 12:57:00-04:00,1450.0,1450.0,1450.0,1450.0,1450.0,289
2023-03-24 13:02:00-04:00,1448.6800537109375,1448.6800537109375,1448.6800537109375,1448.6800537109375,1448.6800537109375,610
2023-03-24 13:11:00-04:00,1449.365234375,1449.365234375,1449.365234375,1449.365234375,1449.365234375,447
2023-03-24 13:17:00-04:00,1448.5899658203125,1449.1600341796875,1448.5899658203125,1449.1600341796875,1449.1600341796875,1274
2023-03-24 13:26:00-04:00,1450.0,1450.0,1450.0,1450.0,1450.0,1000
2023-03-24 13:41:00-04:00,1451.9449462890625,1451.9449462890625,1451.9449462890625,1451.9449462890625,1451.9449462890625,274
2023-03-24 13:44:00-04:00,1447.780029296875,1450.125,1447.780029296875,1450.125,1450.125,1841
2023-03-24 14:09:00-04:00,1449.780029296875,1449.780029296875,1449.780029296875,1449.780029296875,1449.780029296875,1425
2023-03-24 14:23:00-04:00,1452.800048828125,1452.800048828125,1452.800048828125,1452.800048828125,1452.800048828125,1061
2023-03-24 14:34:00-04:00,1452.7249755859375,1452.7249755859375,1452.7249755859375,1452.7249755859375,1452.7249755859375,659
2023-03-24 14:44:00-04:00,1453.3299560546875,1453.77001953125,1453.3299560546875,1453.77001953125,1453.77001953125,719
2023-03-24 14:52:00-04:00,1451.719970703125,1451.719970703125,1451.719970703125,1451.719970703125,1451.719970703125,704
2023-03-24 14:53:00-04:00,1450.06494140625,1450.06494140625,1450.06494140625,1450.06494140625,1450.06494140625,254
2023-03-24 14:59:00-04:00,1452.3199462890625,1452.3199462890625,1452.3199462890625,1452.3199462890625,1452.3199462890625,590
2023-03-24 15:10:00-04:00,1447.8599853515625,1447.8599853515625,1447.8599853515625,1447.8599853515625,1447.8599853515625,441
2023-03-24 15:11:00-04:00,1450.239990234375,1450.239990234375,1448.8199462890625,1448.8199462890625,1448.8199462890625,943
2023-03-24 15:23:00-04:00,1453.010009765625,1453.010009765625,1453.010009765625,1453.010009765625,1453.010009765625,328
2023-03-24 15:28:00-04:00,1454.18994140625,1455.1300048828125,1454.18994140625,1455.1300048828125,1455.1300048828125,272
2023-03-24 15:29:00-04:00,1455.9100341796875,1455.9100341796875,1455.4599609375,1455.4599609375,1455.4599609375,668
2023-03-24 15:31:00-04:00,1456.760009765625,1456.9749755859375,1456.760009765625,1456.9749755859375,1456.9749755859375,365
2023-03-24 15:35:00-04:00,1457.22998046875,1457.22998046875,1457.22998046875,1457.22998046875,1457.22998046875,216
2023-03-24 15:36:00-04:00,1457.2900390625,1458.0450439453125,1457.2900390625,1458.0450439453125,1458.0450439453125,653
2023-03-24 15:37:00-04:00,1458.300048828125,1458.300048828125,1458.300048828125,1458.300048828125,1458.300048828125,575
2023-03-24 15:39:00-04:00,1456.0699462890625,1456.0699462890625,1455.969970703125,1456.0699462890625,1456.0699462890625,1024
2023-03-24 15:42:00-04:00,1456.7099609375,1456.7099609375,1456.7099609375,1456.7099609375,1456.7099609375,346
2023-03-24 15:44:00-04:00,1456.60498046875,1456.60498046875,1456.60498046875,1456.60498046875,1456.60498046875,106
2023-03-24 15:45:00-04:00,1455.93994140625,1456.280029296875,1454.5899658203125,1454.5899658203125,1454.5899658203125,1488
2023-03-24 15:47:00-04:00,1454.3900146484375,1454.3900146484375,1454.3900146484375,1454.3900146484375,1454.3900146484375,323
2023-03-24 15:48:00-04:00,1453.8050537109375,1453.93505859375,1453.8050537109375,1453.93505859375,1453.93505859375,478
2023-03-24 15:51:00-04:00,1454.2950439453125,1454.31005859375,1454.2950439453125,1454.31005859375,1454.31005859375,514
2023-03-24 15:53:00-04:00,1453.31494140625,1453.31494140625,1453.31494140625,1453.31494140625,1453.31494140625,422
2023-03-24 15:55:00-04:00,1453.3599853515625,1453.3599853515625,1453.3599853515625,1453.3599853515625,1453.3599853515625,139
2023-03-24 15:56:00-04:00,1453.3699951171875,1455.0899658203125,1453.3699951171875,1454.2900390625,1454.2900390625,814
2023-03-24 15:57:00-04:00,1456.739990234375,1456.739990234375,1455.9449462890625,1455.9449462890625,1455.9449462890625,472
2023-03-24 15:58:00-04:00,1455.8199462890625,1455.8199462890625,1455.8199462890625,1455.8199462890625,1455.8199462890625,218
2023-03-24 15:59:00-04:00,1458.449951171875,1459.4599609375,1458.449951171875,1458.7900390625,1458.7900390625,2766
2023-03-27 09:30:00-04:00,1478.0699462890625,1478.0699462890625,1456.6600341796875,1456.6600341796875,1456.6600341796875,1033
2023-03-27 09:33:00-04:00,1479.4200439453125,1479.4200439453125,1475.9100341796875,1475.969970703125,1475.969970703125,1545
2023-03-27 09:40:00-04:00,1475.47998046875,1475.47998046875,1475.3499755859375,1475.3499755859375,1475.3499755859375,257
2023-03-27 09:41:00-04:00,1475.4599609375,1475.4599609375,1475.4599609375,1475.4599609375,1475.4599609375,190
2023-03-27 09:45:00-04:00,1475.6199951171875,1475.6199951171875,1475.6199951171875,1475.6199951171875,1475.6199951171875,534
2023-03-27 09:54:00-04:00,1476.010009765625,1479.449951171875,1474.199951171875,1479.449951171875,1479.449951171875,1672
2023-03-27 09:55:00-04:00,1479.6800537109375,1480.1400146484375,1479.6800537109375,1480.1400146484375,1480.1400146484375,843
2023-03-27 09:56:00-04:00,1480.6600341796875,1480.6600341796875,1480.6600341796875,1480.6600341796875,1480.6600341796875,380
2023-03-27 10:00:00-04:00,1477.5350341796875,1477.5350341796875,1477.5350341796875,1477.5350341796875,1477.5350341796875,794
2023-03-27 10:13:00-04:00,1478.219970703125,1478.219970703125,1478.219970703125,1478.219970703125,1478.219970703125,275
2023-03-27 10:16:00-04:00,1479.8499755859375,1479.8499755859375,1479.8499755859375,1479.8499755859375,1479.8499755859375,670
2023-03-27 10:17:00-04:00,1476.8900146484375,1476.8900146484375,1476.8900146484375,1476.8900146484375,1476.8900146484375,113
2023-03-27 10:18:00-04:00,1476.199951171875,1478.1400146484375,1476.1400146484375,1478.1400146484375,1478.1400146484375,628
2023-03-27 10:20:00-04:00,1478.0,1478.0,1477.81005859375,1477.81005859375,1477.81005859375,722
2023-03-27 10:25:00-04:00,1477.68994140625,1477.68994140625,1477.68994140625,1477.68994140625,1477.68994140625,230
2023-03-27 10:27:00-04:00,1476.3299560546875,1476.3299560546875,1473.010009765625,1473.010009765625,1473.010009765625,700
2023-03-27 10:30:00-04:00,1475.9599609375,1475.9599609375,1475.9599609375,1475.9599609375,1475.9599609375,491
2023-03-27 10:32:00-04:00,1473.0,1473.0,1472.219970703125,1472.219970703125,1472.219970703125,750
2023-03-27 10:36:00-04:00,1471.8199462890625,1471.8199462890625,1471.81494140625,1471.81494140625,1471.81494140625,494
2023-03-27 10:39:00-04:00,1469.93505859375,1469.93505859375,1469.93505859375,1469.93505859375,1469.93505859375,517
2023-03-27 10:41:00-04:00,1469.135009765625,1470.6800537109375,1469.135009765625,1470.6800537109375,1470.6800537109375,635
2023-03-27 10:42:00-04:00,1468.5899658203125,1468.5899658203125,1468.5899658203125,1468.5899658203125,1468.5899658203125,292
2023-03-27 10:43:00-04:00,1468.324951171875,1468.324951171875,1468.324951171875,1468.324951171875,1468.324951171875,101
2023-03-27 10:44:00-04:00,1468.3050537109375,1468.3050537109375,1468.3050537109375,1468.3050537109375,1468.3050537109375,452
2023-03-27 10:46:00-04:00,1468.0250244140625,1468.0250244140625,1468.0250244140625,1468.0250244140625,1468.0250244140625,809
2023-03-27 10:49:00-04:00,1468.68505859375,1468.68505859375,1468.68505859375,1468.68505859375,1468.68505859375,200
2023-03-27 10:50:00-04:00,1468.68505859375,1468.68505859375,1468.68505859375,1468.68505859375,1468.68505859375,758
2023-03-27 10:58:00-04:00,1472.4100341796875,1472.4100341796875,1472.4100341796875,1472.4100341796875,1472.4100341796875,699
2023-03-27 11:07:00-04:00,1469.1099853515625,1469.1099853515625,1469.1099853515625,1469.1099853515625,1469.1099853515625,2171
2023-03-27 11:30:00-04:00,1476.31005859375,1476.31005859375,1476.31005859375,1476.31005859375,1476.31005859375,1435
2023-03-27 11:52:00-04:00,1479.8199462890625,1479.8199462890625,1475.780029296875,1475.780029296875,1475.780029296875,3757
2023-03-27 12:24:00-04:00,1483.5699462890625,1483.5699462890625,1483.18994140625,1483.18994140625,1483.18994140625,1684
2023-03-27 12:26:00-04:00,1482.5350341796875,1482.5350341796875,1482.5350341796875,1482.5350341796875,1482.5350341796875,508
2023-03-27 12:30:00-04:00,1482.9599609375,1482.9599609375,1482.9599609375,1482.9599609375,1482.9599609375,260
2023-03-27 12:31:00-04:00,1482.1300048828125,1482.1300048828125,1482.1300048828125,1482.1300048828125,1482.1300048828125,380
2023-03-27 12:41:00-04:00,1482.280029296875,1482.280029296875,1482.280029296875,1482.280029296875,1482.280029296875,1152
2023-03-27 12:45:00-04:00,1482.6099853515625,1482.6099853515625,1482.6099853515625,1482.6099853515625,1482.6099853515625,982
2023-03-27 13:06:00-04:00,1480.93994140625,1480.93994140625,1480.93994140625,1480.93994140625,1480.93994140625,1328
2023-03-27 13:16:00-04:00,1480.43994140625,1480.43994140625,1480.43994140625,1480.43994140625,1480.43994140625,1191
2023-03-27 13:28:00-04:00,1485.3699951171875,1485.81005859375,1485.06005859375,1485.3699951171875,1485.3699951171875,2379
2023-03-27 13:46:00-04:00,1489.8399658203125,1489.8399658203125,1489.4000244140625,1489.5,1489.5,497
2023-03-27 13:47:00-04:00,1489.4200439453125,1491.4200439453125,1488.510009765625,1491.4200439453125,1491.4200439453125,1877
2023-03-27 13:53:00-04:00,1491.5050048828125,1492.6099853515625,1489.280029296875,1492.6099853515625,1492.6099853515625,1401
2023-03-27 14:00:00-04:00,1490.8599853515625,1491.0,1489.1650390625,1490.9000244140625,1490.9000244140625,1721
2023-03-27 14:02:00-04:00,1488.52001953125,1488.52001953125,1488.52001953125,1488.52001953125,1488.52001953125,131
2023-03-27 14:03:00-04:00,1489.550048828125,1489.550048828125,1489.550048828125,1489.550048828125,1489.550048828125,298
2023-03-27 14:06:00-04:00,1489.074951171875,1489.074951171875,1489.074951171875,1489.074951171875,1489.074951171875,1843
2023-03-27 14:31:00-04:00,1493.8199462890625,1493.8199462890625,1493.8199462890625,1493.8199462890625,1493.8199462890625,351
2023-03-27 14:32:00-04:00,1493.8599853515625,1493.8599853515625,1493.8599853515625,1493.8599853515625,1493.8599853515625,370
2023-03-27 14:38:00-04:00,1493.5350341796875,1493.5350341796875,1493.5350341796875,1493.5350341796875,1493.5350341796875,448
2023-03-27 14:42:00-04:00,1493.7099609375,1493.7099609375,1493.7099609375,1493.7099609375,1493.7099609375,417
2023-03-27 14:47:00-04:00,1495.550048828125,1498.3800048828125,1495.1300048828125,1498.3800048828125,1498.3800048828125,825
2023-03-27 14:49:00-04:00,1495.300048828125,1495.300048828125,1495.300048828125,1495.300048828125,1495.300048828125,573
2023-03-27 14:50:00-04:00,1494.969970703125,1494.969970703125,1492.9100341796875,1492.9100341796875,1492.9100341796875,1243
2023-03-27 14:51:00-04:00,1491.4000244140625,1491.4000244140625,1491.4000244140625,1491.4000244140625,1491.4000244140625,1600
2023-03-27 15:04:00-04:00,1491.8699951171875,1491.8699951171875,1491.8699951171875,1491.8699951171875,1491.8699951171875,883
2023-03-27 15:08:00-04:00,1491.780029296875,1491.780029296875,1491.780029296875,1491.780029296875,1491.780029296875,348
2023-03-27 15:09:00-04:00,1489.4000244140625,1489.4000244140625,1489.4000244140625,1489.4000244140625,1489.4000244140625,593
2023-03-27 15:19:00-04:00,1489.175048828125,1489.175048828125,1489.175048828125,1489.175048828125,1489.175048828125,659
2023-03-27 15:24:00-04:00,1487.5250244140625,1487.5250244140625,1487.5250244140625,1487.5250244140625,1487.5250244140625,189
2023-03-27 15:25:00-04:00,1487.89501953125,1487.89501953125,1487.89501953125,1487.89501953125,1487.89501953125,294
2023-03-27 15:29:00-04:00,1488.5999755859375,1488.5999755859375,1488.5999755859375,1488.5999755859375,1488.5999755859375,325
2023-03-27 15:31:00-04:00,1488.6500244140625,1488.6500244140625,1488.6500244140625,1488.6500244140625,1488.6500244140625,124
2023-03-27 15:32:00-04:00,1489.318115234375,1489.318115234375,1489.318115234375,1489.318115234375,1489.318115234375,592
2023-03-27 15:33:00-04:00,1487.0799560546875,1487.0799560546875,1487.0799560546875,1487.0799560546875,1487.0799560546875,504
2023-03-27 15:34:00-04:00,1486.614990234375,1486.614990234375,1486.614990234375,1486.614990234375,1486.614990234375,239
2023-03-27 15:35:00-04:00,1486.6199951171875,1486.6199951171875,1486.6199951171875,1486.6199951171875,1486.6199951171875,237
2023-03-27 15:37:00-04:00,1487.2049560546875,1487.2049560546875,1487.2049560546875,1487.2049560546875,1487.2049560546875,877
2023-03-27 15:44:00-04:00,1485.5966796875,1485.5966796875,1485.5966796875,1485.5966796875,1485.5966796875,266
2023-03-27 15:50:00-04:00,1481.68505859375,1481.68505859375,1481.68505859375,1481.68505859375,1481.68505859375,1548
2023-03-27 15:51:00-04:00,1481.3399658203125,1482.5400390625,1481.3399658203125,1482.5400390625,1482.5400390625,821
2023-03-27 15:52:00-04:00,1482.030029296875,1482.8800048828125,1482.030029296875,1482.8800048828125,1482.8800048828125,933
2023-03-27 15:53:00-04:00,1484.5899658203125,1485.31005859375,1484.5899658203125,1485.31005859375,1485.31005859375,590
2023-03-27 15:54:00-04:00,1483.5999755859375,1483.5999755859375,1483.5999755859375,1483.5999755859375,1483.5999755859375,347
2023-03-27 15:55:00-04:00,1484.4000244140625,1484.4000244140625,1484.2349853515625,1484.2349853515625,1484.2349853515625,388
2023-03-27 15:56:00-04:00,1483.18994140625,1483.18994140625,1482.3299560546875,1482.3299560546875,1482.3299560546875,1413
2023-03-27 15:58:00-04:00,1481.4000244140625,1481.4000244140625,1481.4000244140625,1481.4000244140625,1481.4000244140625,1144
2023-03-27 15:59:00-04:00,1482.06005859375,1482.3499755859375,1480.0699462890625,1482.3499755859375,1482.3499755859375,2392
2023-03-28 09:30:00-04:00,1479.0400390625,1479.0400390625,1479.0400390625,1479.0400390625,1479.0400390625,412
2023-03-28 09:32:00-04:00,1471.1099853515625,1471.1099853515625,1471.1099853515625,1471.1099853515625,1471.1099853515625,656
2023-03-28 09:41:00-04:00,1475.8558349609375,1484.3599853515625,1475.8558349609375,1484.3599853515625,1484.3599853515625,1174
2023-03-28 09:45:00-04:00,1485.0899658203125,1485.0899658203125,1485.0899658203125,1485.0899658203125,1485.0899658203125,746
2023-03-28 10:00:00-04:00,1477.489990234375,1477.489990234375,1477.489990234375,1477.489990234375,1477.489990234375,588
2023-03-28 10:09:00-04:00,1481.72998046875,1481.739990234375,1481.72998046875,1481.739990234375,1481.739990234375,653
2023-03-28 10:13:00-04:00,1483.9173583984375,1483.9173583984375,1483.9173583984375,1483.9173583984375,1483.9173583984375,207
2023-03-28 10:17:00-04:00,1479.47998046875,1479.47998046875,1479.47998046875,1479.47998046875,1479.47998046875,190
2023-03-28 10:21:00-04:00,1477.1500244140625,1477.1500244140625,1477.1500244140625,1477.1500244140625,1477.1500244140625,975
2023-03-28 10:36:00-04:00,1470.56005859375,1470.56005859375,1470.56005859375,1470.56005859375,1470.56005859375,1790
2023-03-28 10:41:00-04:00,1468.9100341796875,1468.9100341796875,1468.9100341796875,1468.9100341796875,1468.9100341796875,1192
2023-03-28 11:06:00-04:00,1469.1199951171875,1469.1199951171875,1469.1199951171875,1469.1199951171875,1469.1199951171875,870
2023-03-28 11:11:00-04:00,1465.4200439453125,1465.4200439453125,1465.4200439453125,1465.4200439453125,1465.4200439453125,1174
2023-03-28 11:16:00-04:00,1471.68994140625,1471.68994140625,1471.68994140625,1471.68994140625,1471.68994140625,393
2023-03-28 11:26:00-04:00,1470.8929443359375,1470.9000244140625,1470.8929443359375,1470.9000244140625,1470.9000244140625,1455
2023-03-28 11:58:00-04:00,1470.324951171875,1470.324951171875,1470.324951171875,1470.324951171875,1470.324951171875,699
2023-03-28 12:18:00-04:00,1469.9849853515625,1469.9849853515625,1469.9849853515625,1469.9849853515625,1469.9849853515625,113
2023-03-28 12:19:00-04:00,1470.010009765625,1470.010009765625,1470.010009765625,1470.010009765625,1470.010009765625,127
2023-03-28 12:21:00-04:00,1471.27001953125,1471.27001953125,1469.989990234375,1470.02001953125,1470.02001953125,756
2023-03-28 12:22:00-04:00,1471.739990234375,1471.739990234375,1470.02001953125,1470.02001953125,1470.02001953125,404
2023-03-28 12:27:00-04:00,1469.4150390625,1469.4150390625,1469.4150390625,1469.4150390625,1469.4150390625,270
2023-03-28 12:31:00-04:00,1469.47314453125,1469.47314453125,1469.47314453125,1469.47314453125,1469.47314453125,2209
2023-03-28 13:42:00-04:00,1467.6600341796875,1467.6600341796875,1467.6400146484375,1467.6400146484375,1467.6400146484375,1796
2023-03-28 14:02:00-04:00,1464.6700439453125,1464.6700439453125,1464.6700439453125,1464.6700439453125,1464.6700439453125,537
2023-03-28 14:13:00-04:00,1465.3599853515625,1465.3599853515625,1465.3599853515625,1465.3599853515625,1465.3599853515625,1361
2023-03-28 14:45:00-04:00,1466.6500244140625,1466.6500244140625,1466.6500244140625,1466.6500244140625,1466.6500244140625,687
2023-03-28 15:00:00-04:00,1466.56396484375,1466.56396484375,1466.56396484375,1466.56396484375,1466.56396484375,232
2023-03-28 15:05:00-04:00,1466.6099853515625,1466.6099853515625,1466.6099853515625,1466.6099853515625,1466.6099853515625,1085
2023-03-28 15:26:00-04:00,1464.699951171875,1464.699951171875,1464.699951171875,1464.699951171875,1464.699951171875,588
2023-03-28 15:32:00-04:00,1462.64501953125,1462.64501953125,1462.64501953125,1462.64501953125,1462.64501953125,137
2023-03-28 15:33:00-04:00,1465.4100341796875,1465.4100341796875,1465.4100341796875,1465.4100341796875,1465.4100341796875,140
2023-03-28 15:34:00-04:00,1464.8599853515625,1465.81005859375,1464.8599853515625,1465.81005859375,1465.81005859375,711
2023-03-28 15:36:00-04:00,1466.3199462890625,1466.3199462890625,1466.3199462890625,1466.3199462890625,1466.3199462890625,402
2023-03-28 15:40:00-04:00,1466.8399658203125,1466.8399658203125,1466.8399658203125,1466.8399658203125,1466.8399658203125,832
2023-03-28 15:45:00-04:00,1466.8599853515625,1466.8599853515625,1466.8599853515625,1466.8599853515625,1466.8599853515625,140
2023-03-28 15:48:00-04:00,1466.719970703125,1466.719970703125,1466.719970703125,1466.719970703125,1466.719970703125,249
2023-03-28 15:50:00-04:00,1467.1199951171875,1468.969970703125,1467.1199951171875,1468.969970703125,1468.969970703125,919
2023-03-28 15:52:00-04:00,1472.47998046875,1472.47998046875,1472.1300048828125,1472.1300048828125,1472.1300048828125,823
2023-03-28 15:54:00-04:00,1471.3599853515625,1471.3599853515625,1471.3599853515625,1471.3599853515625,1471.3599853515625,1016
2023-03-28 15:57:00-04:00,1470.050048828125,1470.050048828125,1470.050048828125,1470.050048828125,1470.050048828125,408
2023-03-28 15:59:00-04:00,1472.9100341796875,1475.0,1472.9100341796875,1473.6400146484375,1473.6400146484375,4241
2023-03-29 09:30:00-04:00,1490.75,1490.75,1490.75,1490.75,1490.75,1695
2023-03-29 09:44:00-04:00,1488.9000244140625,1488.9000244140625,1488.9000244140625,1488.9000244140625,1488.9000244140625,1756
2023-03-29 10:01:00-04:00,1491.989990234375,1491.989990234375,1491.969970703125,1491.969970703125,1491.969970703125,310
2023-03-29 10:03:00-04:00,1492.4300537109375,1492.4300537109375,1492.4300537109375,1492.4300537109375,1492.4300537109375,168
2023-03-29 10:05:00-04:00,1493.8399658203125,1493.8399658203125,1493.7900390625,1493.7900390625,1493.7900390625,428
2023-03-29 10:06:00-04:00,1493.89501953125,1493.89501953125,1493.89501953125,1493.89501953125,1493.89501953125,151
2023-03-29 10:07:00-04:00,1491.3599853515625,1491.3599853515625,1491.3599853515625,1491.3599853515625,1491.3599853515625,227
2023-03-29 10:08:00-04:00,1494.3900146484375,1494.3900146484375,1494.3900146484375,1494.3900146484375,1494.3900146484375,268
2023-03-29 10:11:00-04:00,1494.3199462890625,1494.3199462890625,1494.3199462890625,1494.3199462890625,1494.3199462890625,527
2023-03-29 10:14:00-04:00,1495.02001953125,1495.02001953125,1495.02001953125,1495.02001953125,1495.02001953125,354
2023-03-29 10:20:00-04:00,1494.0250244140625,1494.0250244140625,1494.0250244140625,1494.0250244140625,1494.0250244140625,1442
2023-03-29 10:34:00-04:00,1490.2099609375,1490.2099609375,1490.2099609375,1490.2099609375,1490.2099609375,678
2023-03-29 10:41:00-04:00,1491.9599609375,1493.0,1490.3499755859375,1493.0,1493.0,2731
2023-03-29 10:46:00-04:00,1494.9990234375,1494.9990234375,1494.9990234375,1494.9990234375,1494.9990234375,299
2023-03-29 10:54:00-04:00,1492.85498046875,1492.85498046875,1492.85498046875,1492.85498046875,1492.85498046875,1103
2023-03-29 10:59:00-04:00,1491.2559814453125,1491.2559814453125,1491.2559814453125,1491.2559814453125,1491.2559814453125,533
2023-03-29 11:05:00-04:00,1491.2650146484375,1491.2650146484375,1491.2650146484375,1491.2650146484375,1491.2650146484375,215
2023-03-29 11:06:00-04:00,1490.0,1490.8699951171875,1490.0,1490.8699951171875,1490.8699951171875,761
2023-03-29 11:07:00-04:00,1486.27001953125,1486.27001953125,1486.27001953125,1486.27001953125,1486.27001953125,838
2023-03-29 11:18:00-04:00,1485.9000244140625,1485.9000244140625,1485.9000244140625,1485.9000244140625,1485.9000244140625,1174
2023-03-29 11:24:00-04:00,1484.4649658203125,1484.4649658203125,1484.4649658203125,1484.4649658203125,1484.4649658203125,351
2023-03-29 11:29:00-04:00,1482.0699462890625,1482.0699462890625,1482.0699462890625,1482.0699462890625,1482.0699462890625,208
2023-03-29 11:30:00-04:00,1484.9949951171875,1484.9949951171875,1484.9949951171875,1484.9949951171875,1484.9949951171875,309
2023-03-29 11:33:00-04:00,1485.06005859375,1485.06005859375,1485.06005859375,1485.06005859375,1485.06005859375,117
2023-03-29 11:34:00-04:00,1485.27001953125,1485.324951171875,1484.5,1484.5,1484.5,907
2023-03-29 11:35:00-04:00,1483.8599853515625,1483.8599853515625,1483.8599853515625,1483.8599853515625,1483.8599853515625,443
2023-03-29 11:40:00-04:00,1476.1717529296875,1476.1717529296875,1476.1717529296875,1476.1717529296875,1476.1717529296875,680
2023-03-29 11:51:00-04:00,1482.0450439453125,1482.0450439453125,1482.0450439453125,1482.0450439453125,1482.0450439453125,250
2023-03-29 11:53:00-04:00,1484.0699462890625,1484.0699462890625,1483.0999755859375,1483.7449951171875,1483.7449951171875,697
2023-03-29 11:56:00-04:00,1484.375,1484.375,1484.375,1484.375,1484.375,997
2023-03-29 12:06:00-04:00,1483.6507568359375,1485.0,1483.6507568359375,1485.0,1485.0,403
2023-03-29 12:11:00-04:00,1485.050048828125,1485.0999755859375,1485.050048828125,1485.0999755859375,1485.0999755859375,598
2023-03-29 12:15:00-04:00,1485.8399658203125,1485.8399658203125,1485.8399658203125,1485.8399658203125,1485.8399658203125,361
2023-03-29 12:18:00-04:00,1486.1700439453125,1486.1700439453125,1486.1700439453125,1486.1700439453125,1486.1700439453125,697
2023-03-29 12:22:00-04:00,1484.64501953125,1485.5,1484.47998046875,1484.47998046875,1484.47998046875,1522
2023-03-29 12:25:00-04:00,1486.594970703125,1486.594970703125,1486.594970703125,1486.594970703125,1486.594970703125,371
2023-03-29 12:26:00-04:00,1486.2900390625,1486.2900390625,1486.2900390625,1486.2900390625,1486.2900390625,407
2023-03-29 12:28:00-04:00,1486.300048828125,1486.300048828125,1486.300048828125,1486.300048828125,1486.300048828125,393
2023-03-29 12:39:00-04:00,1486.5400390625,1486.5400390625,1486.5400390625,1486.5400390625,1486.5400390625,607
2023-03-29 13:00:00-04:00,1481.719970703125,1481.719970703125,1481.719970703125,1481.719970703125,1481.719970703125,451
2023-03-29 13:06:00-04:00,1485.81005859375,1485.81005859375,1485.81005859375,1485.81005859375,1485.81005859375,106
2023-03-29 13:07:00-04:00,1485.0,1485.0,1485.0,1485.0,1485.0,445
2023-03-29 13:10:00-04:00,1487.02001953125,1487.02001953125,1487.02001953125,1487.02001953125,1487.02001953125,824
2023-03-29 13:30:00-04:00,1485.64501953125,1485.64501953125,1485.64501953125,1485.64501953125,1485.64501953125,239
2023-03-29 13:35:00-04:00,1484.489990234375,1484.489990234375,1484.489990234375,1484.489990234375,1484.489990234375,659
2023-03-29 13:46:00-04:00,1485.9000244140625,1485.9000244140625,1485.9000244140625,1485.9000244140625,1485.9000244140625,346
2023-03-29 13:49:00-04:00,1485.7900390625,1485.7900390625,1485.7900390625,1485.7900390625,1485.7900390625,216
2023-03-29 13:50:00-04:00,1485.1500244140625,1485.1500244140625,1485.1500244140625,1485.1500244140625,1485.1500244140625,368
2023-03-29 13:51:00-04:00,1485.2099609375,1485.2099609375,1485.2099609375,1485.2099609375,1485.2099609375,993
2023-03-29 14:12:00-04:00,1485.1201171875,1485.1201171875,1485.1201171875,1485.1201171875,1485.1201171875,661
2023-03-29 14:26:00-04:00,1487.4000244140625,1487.4000244140625,1487.4000244140625,1487.4000244140625,1487.4000244140625,307
2023-03-29 14:30:00-04:00,1489.2099609375,1489.2099609375,1489.2099609375,1489.2099609375,1489.2099609375,223
2023-03-29 14:34:00-04:00,1489.3299560546875,1489.3299560546875,1489.3299560546875,1489.3299560546875,1489.3299560546875,796
2023-03-29 14:50:00-04:00,1491.6700439453125,1491.6700439453125,1489.925048828125,1490.7974853515625,1490.7974853515625,1073
2023-03-29 15:01:00-04:00,1490.9100341796875,1492.5400390625,1490.9100341796875,1492.5400390625,1492.5400390625,2375
2023-03-29 15:16:00-04:00,1492.0400390625,1492.0400390625,1492.0400390625,1492.0400390625,1492.0400390625,529
2023-03-29 15:23:00-04:00,1494.0,1494.0,1494.0,1494.0,1494.0,564
2023-03-29 15:33:00-04:00,1495.4000244140625,1495.4000244140625,1495.4000244140625,1495.4000244140625,1495.4000244140625,355
2023-03-29 15:35:00-04:00,1494.6700439453125,1494.9100341796875,1494.6700439453125,1494.9100341796875,1494.9100341796875,282
2023-03-29 15:37:00-04:00,1494.8900146484375,1494.8900146484375,1494.8900146484375,1494.8900146484375,1494.8900146484375,797
2023-03-29 15:41:00-04:00,1494.300048828125,1494.4300537109375,1494.300048828125,1494.4300537109375,1494.4300537109375,1174
2023-03-29 15:44:00-04:00,1496.844970703125,1497.1199951171875,1496.844970703125,1497.1199951171875,1497.1199951171875,339
2023-03-29 15:45:00-04:00,1499.3299560546875,1499.3299560546875,1499.3299560546875,1499.3299560546875,1499.3299560546875,592
2023-03-29 15:46:00-04:00,1498.9649658203125,1498.9649658203125,1498.9649658203125,1498.9649658203125,1498.9649658203125,519
2023-03-29 15:47:00-04:00,1498.949951171875,1498.949951171875,1498.949951171875,1498.949951171875,1498.949951171875,427
2023-03-29 15:48:00-04:00,1499.3499755859375,1499.3499755859375,1499.0775146484375,1499.0775146484375,1499.0775146484375,749
2023-03-29 15:49:00-04:00,1500.02001953125,1500.02001953125,1500.02001953125,1500.02001953125,1500.02001953125,932
2023-03-29 15:50:00-04:00,1499.4150390625,1499.4150390625,1499.4150390625,1499.4150390625,1499.4150390625,334
2023-03-29 15:52:00-04:00,1499.8800048828125,1499.8800048828125,1499.8800048828125,1499.8800048828125,1499.8800048828125,730
2023-03-29 15:53:00-04:00,1499.4849853515625,1499.4849853515625,1499.4849853515625,1499.4849853515625,1499.4849853515625,402
2023-03-29 15:54:00-04:00,1497.9000244140625,1497.9000244140625,1497.9000244140625,1497.9000244140625,1497.9000244140625,964
2023-03-29 15:56:00-04:00,1496.22998046875,1496.22998046875,1494.1500244140625,1494.1500244140625,1494.1500244140625,1590
2023-03-29 15:57:00-04:00,1493.6600341796875,1493.6600341796875,1493.6600341796875,1493.6600341796875,1493.6600341796875,173
2023-03-29 15:58:00-04:00,1492.9893798828125,1493.6400146484375,1492.9893798828125,1493.6400146484375,1493.6400146484375,1137
2023-03-29 15:59:00-04:00,1493.699951171875,1495.8900146484375,1493.699951171875,1495.5400390625,1495.5400390625,2240
2023-03-30 09:30:00-04:00,1512.1099853515625,1512.1099853515625,1512.1099853515625,1512.1099853515625,1512.1099853515625,638
2023-03-30 09:41:00-04:00,1515.22998046875,1515.22998046875,1515.22998046875,1515.22998046875,1515.22998046875,803
2023-03-30 09:48:00-04:00,1512.280029296875,1512.280029296875,1512.280029296875,1512.280029296875,1512.280029296875,348
2023-03-30 09:50:00-04:00,1515.6500244140625,1515.6500244140625,1515.6500244140625,1515.6500244140625,1515.6500244140625,383
2023-03-30 09:56:00-04:00,1514.56005859375,1516.9599609375,1510.77001953125,1510.77001953125,1510.77001953125,732
2023-03-30 09:58:00-04:00,1517.550048828125,1517.550048828125,1517.550048828125,1517.550048828125,1517.550048828125,282
2023-03-30 10:00:00-04:00,1517.5799560546875,1517.5799560546875,1517.5799560546875,1517.5799560546875,1517.5799560546875,536
2023-03-30 10:05:00-04:00,1514.1300048828125,1514.1300048828125,1514.1300048828125,1514.1300048828125,1514.1300048828125,704
2023-03-30 10:12:00-04:00,1506.6099853515625,1506.6099853515625,1506.06005859375,1506.06005859375,1506.06005859375,271
2023-03-30 10:13:00-04:00,1507.3199462890625,1507.3199462890625,1507.3199462890625,1507.3199462890625,1507.3199462890625,110
2023-03-30 10:14:00-04:00,1502.780029296875,1502.780029296875,1502.780029296875,1502.780029296875,1502.780029296875,813
2023-03-30 10:29:00-04:00,1506.050048828125,1507.5,1506.050048828125,1507.5,1507.5,616
2023-03-30 10:30:00-04:00,1506.1300048828125,1506.1300048828125,1506.1300048828125,1506.1300048828125,1506.1300048828125,543
2023-03-30 10:31:00-04:00,1506.905029296875,1506.905029296875,1506.905029296875,1506.905029296875,1506.905029296875,718
2023-03-30 10:42:00-04:00,1506.0450439453125,1512.3277587890625,1506.0450439453125,1511.8299560546875,1511.8299560546875,3851
2023-03-30 10:44:00-04:00,1508.0400390625,1508.0400390625,1508.0400390625,1508.0400390625,1508.0400390625,932
2023-03-30 10:55:00-04:00,1513.6500244140625,1513.6500244140625,1513.6500244140625,1513.6500244140625,1513.6500244140625,156
2023-03-30 10:56:00-04:00,1512.199951171875,1512.199951171875,1512.199951171875,1512.199951171875,1512.199951171875,173
2023-03-30 10:58:00-04:00,1511.030029296875,1511.030029296875,1510.89501953125,1510.89501953125,1510.89501953125,496
2023-03-30 11:00:00-04:00,1510.05419921875,1510.05419921875,1510.05419921875,1510.05419921875,1510.05419921875,442
2023-03-30 11:10:00-04:00,1505.760009765625,1505.760009765625,1505.760009765625,1505.760009765625,1505.760009765625,868
2023-03-30 11:12:00-04:00,1502.3699951171875,1502.3699951171875,1499.9549560546875,1499.9549560546875,1499.9549560546875,861
2023-03-30 11:13:00-04:00,1501.8499755859375,1501.8499755859375,1501.8499755859375,1501.8499755859375,1501.8499755859375,1116
2023-03-30 11:32:00-04:00,1499.22998046875,1499.22998046875,1499.22998046875,1499.22998046875,1499.22998046875,387
2023-03-30 11:39:00-04:00,1495.800048828125,1495.800048828125,1495.800048828125,1495.800048828125,1495.800048828125,1437
2023-03-30 12:14:00-04:00,1496.3199462890625,1496.3199462890625,1496.3199462890625,1496.3199462890625,1496.3199462890625,2455
2023-03-30 12:46:00-04:00,1494.219970703125,1494.260009765625,1494.219970703125,1494.260009765625,1494.260009765625,898
2023-03-30 12:50:00-04:00,1487.7025146484375,1487.7025146484375,1487.7025146484375,1487.7025146484375,1487.7025146484375,130
2023-03-30 12:53:00-04:00,1490.1300048828125,1492.9000244140625,1490.1300048828125,1492.9000244140625,1492.9000244140625,887
2023-03-30 12:54:00-04:00,1491.322509765625,1491.322509765625,1491.322509765625,1491.322509765625,1491.322509765625,138
2023-03-30 12:55:00-04:00,1494.739990234375,1494.739990234375,1494.739990234375,1494.739990234375,1494.739990234375,363
2023-03-30 13:01:00-04:00,1494.0999755859375,1494.0999755859375,1494.0999755859375,1494.0999755859375,1494.0999755859375,490
2023-03-30 13:15:00-04:00,1494.75,1494.75,1494.75,1494.75,1494.75,1406
2023-03-30 13:58:00-04:00,1492.4549560546875,1492.4549560546875,1492.4549560546875,1492.4549560546875,1492.4549560546875,260
2023-03-30 14:03:00-04:00,1492.81005859375,1492.81005859375,1492.6800537109375,1492.6800537109375,1492.6800537109375,999
2023-03-30 14:09:00-04:00,1495.6650390625,1495.6650390625,1495.6650390625,1495.6650390625,1495.6650390625,108
2023-03-30 14:10:00-04:00,1497.7349853515625,1497.7349853515625,1497.7349853515625,1497.7349853515625,1497.7349853515625,517
2023-03-30 14:13:00-04:00,1498.175048828125,1498.175048828125,1494.050048828125,1494.050048828125,1494.050048828125,882
2023-03-30 14:17:00-04:00,1495.719970703125,1495.719970703125,1495.719970703125,1495.719970703125,1495.719970703125,762
2023-03-30 14:37:00-04:00,1497.449951171875,1497.449951171875,1497.449951171875,1497.449951171875,1497.449951171875,240
2023-03-30 14:38:00-04:00,1497.2950439453125,1497.2950439453125,1497.2950439453125,1497.2950439453125,1497.2950439453125,128
2023-03-30 14:39:00-04:00,1497.8499755859375,1497.8499755859375,1497.8499755859375,1497.8499755859375,1497.8499755859375,915
2023-03-30 14:52:00-04:00,1500.81005859375,1500.81005859375,1500.81005859375,1500.81005859375,1500.81005859375,460
2023-03-30 14:53:00-04:00,1500.5799560546875,1500.5799560546875,1499.68994140625,1499.68994140625,1499.68994140625,333
2023-03-30 15:07:00-04:00,1501.0350341796875,1501.0350341796875,1501.0350341796875,1501.0350341796875,1501.0350341796875,680
2023-03-30 15:09:00-04:00,1501.0350341796875,1501.0350341796875,1501.0350341796875,1501.0350341796875,1501.0350341796875,883
2023-03-30 15:23:00-04:00,1502.5400390625,1502.5400390625,1502.5400390625,1502.5400390625,1502.5400390625,894
2023-03-30 15:29:00-04:00,1502.06494140625,1502.06494140625,1502.06494140625,1502.06494140625,1502.06494140625,180
2023-03-30 15:31:00-04:00,1502.614990234375,1502.614990234375,1502.614990234375,1502.614990234375,1502.614990234375,186
2023-03-30 15:33:00-04:00,1502.614990234375,1502.614990234375,1502.614990234375,1502.614990234375,1502.614990234375,3053
2023-03-30 15:35:00-04:00,1502.614990234375,1502.614990234375,1501.1199951171875,1501.1199951171875,1501.1199951171875,619
2023-03-30 15:36:00-04:00,1503.0,1503.0,1502.3499755859375,1502.3499755859375,1502.3499755859375,1649
2023-03-30 15:39:00-04:00,1501.43994140625,1502.4749755859375,1501.43994140625,1502.4749755859375,1502.4749755859375,1280
2023-03-30 15:42:00-04:00,1502.010009765625,1502.010009765625,1502.010009765625,1502.010009765625,1502.010009765625,860
2023-03-30 15:48:00-04:00,1499.5400390625,1499.6600341796875,1499.5400390625,1499.6600341796875,1499.6600341796875,1031
2023-03-30 15:50:00-04:00,1499.7099609375,1499.7099609375,1499.7099609375,1499.7099609375,1499.7099609375,995
2023-03-30 15:51:00-04:00,1498.875,1499.93994140625,1498.875,1499.25,1499.25,1384
2023-03-30 15:53:00-04:00,1497.8800048828125,1497.8800048828125,1497.8800048828125,1497.8800048828125,1497.8800048828125,581
2023-03-30 15:56:00-04:00,1497.27001953125,1498.239990234375,1497.27001953125,1498.239990234375,1498.239990234375,1175
2023-03-30 15:57:00-04:00,1497.0899658203125,1498.5999755859375,1497.0899658203125,1498.5999755859375,1498.5999755859375,679
2023-03-30 15:58:00-04:00,1497.6400146484375,1498.1400146484375,1497.6400146484375,1498.1400146484375,1498.1400146484375,795
2023-03-30 15:59:00-04:00,1499.8299560546875,1500.300048828125,1499.094970703125,1499.094970703125,1499.094970703125,1479
2023-03-31 09:30:00-04:00,1512.010009765625,1512.010009765625,1512.010009765625,1512.010009765625,1512.010009765625,1176
2023-03-31 09:39:00-04:00,1514.9749755859375,1514.9749755859375,1514.9749755859375,1514.9749755859375,1514.9749755859375,371
2023-03-31 09:41:00-04:00,1519.0,1519.0,1519.0,1519.0,1519.0,610
2023-03-31 09:44:00-04:00,1514.1800537109375,1514.97998046875,1514.1800537109375,1514.97998046875,1514.97998046875,269
2023-03-31 09:46:00-04:00,1517.6099853515625,1517.6099853515625,1517.6099853515625,1517.6099853515625,1517.6099853515625,412
2023-03-31 09:47:00-04:00,1515.6600341796875,1518.1600341796875,1515.6600341796875,1518.1600341796875,1518.1600341796875,1307
2023-03-31 09:52:00-04:00,1519.6600341796875,1519.6600341796875,1519.6600341796875,1519.6600341796875,1519.6600341796875,504
2023-03-31 09:57:00-04:00,1523.6500244140625,1523.68994140625,1523.6500244140625,1523.68994140625,1523.68994140625,632
2023-03-31 09:59:00-04:00,1521.3499755859375,1521.3499755859375,1521.3499755859375,1521.3499755859375,1521.3499755859375,948
2023-03-31 10:08:00-04:00,1523.8349609375,1523.8349609375,1523.02001953125,1523.02001953125,1523.02001953125,679
2023-03-31 10:11:00-04:00,1522.6400146484375,1522.6400146484375,1522.6400146484375,1522.6400146484375,1522.6400146484375,779
2023-03-31 10:18:00-04:00,1520.9200439453125,1520.9200439453125,1520.9200439453125,1520.9200439453125,1520.9200439453125,1571
2023-03-31 10:27:00-04:00,1523.219970703125,1523.219970703125,1523.219970703125,1523.219970703125,1523.219970703125,638
2023-03-31 10:31:00-04:00,1525.0,1525.0,1525.0,1525.0,1525.0,758
2023-03-31 10:39:00-04:00,1522.447021484375,1522.447021484375,1522.447021484375,1522.447021484375,1522.447021484375,781
2023-03-31 10:52:00-04:00,1522.9200439453125,1523.0899658203125,1522.9200439453125,1523.0899658203125,1523.0899658203125,580
2023-03-31 10:56:00-04:00,1525.780029296875,1525.780029296875,1525.780029296875,1525.780029296875,1525.780029296875,1322
2023-03-31 11:09:00-04:00,1521.6099853515625,1521.6099853515625,1521.6099853515625,1521.6099853515625,1521.6099853515625,2133
2023-03-31 12:03:00-04:00,1522.0,1522.0,1522.0,1522.0,1522.0,1163
2023-03-31 12:33:00-04:00,1525.5899658203125,1525.5899658203125,1525.5899658203125,1525.5899658203125,1525.5899658203125,662
2023-03-31 12:50:00-04:00,1522.75,1522.75,1522.75,1522.75,1522.75,1128
2023-03-31 12:59:00-04:00,1521.1600341796875,1521.1600341796875,1519.219970703125,1519.6500244140625,1519.6500244140625,4905
2023-03-31 13:00:00-04:00,1520.18994140625,1520.18994140625,1520.18994140625,1520.18994140625,1520.18994140625,312
2023-03-31 13:04:00-04:00,1519.5699462890625,1519.5699462890625,1519.5699462890625,1519.5699462890625,1519.5699462890625,1301
2023-03-31 13:12:00-04:00,1521.1199951171875,1521.1199951171875,1521.1199951171875,1521.1199951171875,1521.1199951171875,457
2023-03-31 13:19:00-04:00,1521.719970703125,1522.199951171875,1521.719970703125,1522.199951171875,1522.199951171875,589
2023-03-31 13:25:00-04:00,1521.9599609375,1521.9599609375,1521.9599609375,1521.9599609375,1521.9599609375,980
2023-03-31 14:02:00-04:00,1526.4000244140625,1526.4200439453125,1526.4000244140625,1526.4200439453125,1526.4200439453125,340
2023-03-31 14:05:00-04:00,1527.75,1527.75,1527.75,1527.75,1527.75,1001
2023-03-31 14:09:00-04:00,1528.7900390625,1528.7900390625,1528.7900390625,1528.7900390625,1528.7900390625,475
2023-03-31 14:11:00-04:00,1524.72998046875,1524.72998046875,1524.72998046875,1524.72998046875,1524.72998046875,981
2023-03-31 14:24:00-04:00,1524.5699462890625,1524.5699462890625,1524.5699462890625,1524.5699462890625,1524.5699462890625,601
2023-03-31 14:32:00-04:00,1522.81005859375,1522.81005859375,1522.81005859375,1522.81005859375,1522.81005859375,290
2023-03-31 14:34:00-04:00,1525.0799560546875,1525.0799560546875,1525.0799560546875,1525.0799560546875,1525.0799560546875,794
2023-03-31 14:43:00-04:00,1526.530029296875,1526.530029296875,1526.530029296875,1526.530029296875,1526.530029296875,1229
2023-03-31 15:03:00-04:00,1530.0699462890625,1530.1600341796875,1530.0699462890625,1530.1600341796875,1530.1600341796875,281
2023-03-31 15:04:00-04:00,1526.6500244140625,1527.780029296875,1526.3499755859375,1526.7449951171875,1526.7449951171875,2514
2023-03-31 15:10:00-04:00,1526.7550048828125,1526.7550048828125,1526.7550048828125,1526.7550048828125,1526.7550048828125,675
2023-03-31 15:14:00-04:00,1526.1300048828125,1526.1300048828125,1526.1300048828125,1526.1300048828125,1526.1300048828125,584
2023-03-31 15:16:00-04:00,1526.9300537109375,1526.9300537109375,1526.9300537109375,1526.9300537109375,1526.9300537109375,362
2023-03-31 15:17:00-04:00,1526.8499755859375,1528.4000244140625,1526.8499755859375,1528.4000244140625,1528.4000244140625,1248
2023-03-31 15:29:00-04:00,1531.75,1531.75,1531.75,1531.75,1531.75,174
2023-03-31 15:30:00-04:00,1531.800048828125,1531.800048828125,1531.800048828125,1531.800048828125,1531.800048828125,479
2023-03-31 15:32:00-04:00,1531.4000244140625,1531.4000244140625,1531.4000244140625,1531.4000244140625,1531.4000244140625,732
2023-03-31 15:34:00-04:00,1530.260009765625,1530.260009765625,1530.260009765625,1530.260009765625,1530.260009765625,163
2023-03-31 15:36:00-04:00,1530.56005859375,1530.56005859375,1530.56005859375,1530.56005859375,1530.56005859375,750
2023-03-31 15:42:00-04:00,1528.1949462890625,1528.1949462890625,1528.1949462890625,1528.1949462890625,1528.1949462890625,656
2023-03-31 15:46:00-04:00,1526.5799560546875,1526.5799560546875,1526.5799560546875,1526.5799560546875,1526.5799560546875,197
2023-03-31 15:47:00-04:00,1525.52001953125,1525.52001953125,1525.3199462890625,1525.3199462890625,1525.3199462890625,529
2023-03-31 15:48:00-04:00,1524.469970703125,1524.469970703125,1524.469970703125,1524.469970703125,1524.469970703125,117
2023-03-31 15:50:00-04:00,1523.4000244140625,1523.4000244140625,1523.25,1523.25,1523.25,926
2023-03-31 15:51:00-04:00,1524.0450439453125,1524.0450439453125,1524.0450439453125,1524.0450439453125,1524.0450439453125,160
2023-03-31 15:52:00-04:00,1523.5450439453125,1523.5450439453125,1523.18994140625,1523.18994140625,1523.18994140625,578
2023-03-31 15:54:00-04:00,1523.9000244140625,1523.9000244140625,1523.0899658203125,1523.0899658203125,1523.0899658203125,1200
2023-03-31 15:55:00-04:00,1527.97998046875,1528.6199951171875,1527.56005859375,1528.6199951171875,1528.6199951171875,990
2023-03-31 15:56:00-04:00,1527.719970703125,1527.719970703125,1527.719970703125,1527.719970703125,1527.719970703125,115
2023-03-31 15:58:00-04:00,1528.050048828125,1528.530029296875,1527.7349853515625,1528.2099609375,1528.2099609375,1977
2023-03-31 15:59:00-04:00,1528.4100341796875,1532.0400390625,1528.4100341796875,1529.6800537109375,1529.6800537109375,5198
